DL10S0	0	4	0	1769.5145	0	1000
DL10S0SA1	0	4	1	2060.6099	0	1000
DL10S0SA1_EGS	0	4	1	2333.706	0	1000
DL10S0SA1_EGS_plus44	0	4	1	2377.7322200000003	0	1000
DL10S0SA1_S	0	4	1	2147.6419	0	1000
DL10S0SA1_SA	0	4	1	2218.679	0	1000
DL10S0SA1_SAN	0	4	1	2332.7219	0	1000
DL10S0SA1_SG	0	4	1	2204.6634	0	1000
DL10S0SA1_SG_plus44	0	4	1	2248.68962	0	1000
DL10S0_EGS	0	4	0	2042.6106	0	1000
DL10S0_EGS_plus44	0	4	0	2086.63682	0	1000
DL10S0_S	0	4	0	1856.5465	0	1000
DL10S0_SA	0	4	0	1927.5836	0	1000
DL10S0_SAN	0	4	0	2041.6265	0	1000
DL10S0_SG-or-dp10S0_NRE	0	4	0	1913.568	0	1000
DL10S0_SG_plus44	0	4	0	1957.59422	0	1000
DL10S1	1	4	0	1849.4713	0	1000
DL10S1SA1	1	4	1	2140.5667	0	1000
DL10S1SA1_EGS	1	4	1	2413.6628	0	1000
DL10S1SA1_EGS_plus44	1	4	1	2457.6890200000003	0	1000
DL10S1SA1_S	1	4	1	2227.5987	0	1000
DL10S1SA1_SA	1	4	1	2298.6358	0	1000
DL10S1SA1_SAN	1	4	1	2412.6787	0	1000
DL10S1SA1_SG	1	4	1	2284.6202	0	1000
DL10S1SA1_SG_plus44	1	4	1	2328.64642	0	1000
DL10S1_EGS	1	4	0	2122.5674	0	1000
DL10S1_EGS_plus44	1	4	0	2166.59362	0	1000
DL10S1_S	1	4	0	1936.5033	0	1000
DL10S1_SA	1	4	0	2007.5404	0	1000
DL10S1_SAN	1	4	0	2121.5833	0	1000
DL10S1_SG-or-dp10S1_NRE	1	4	0	1993.5248	0	1000
DL10S1_SG_plus44	1	4	0	2037.5510199999999	0	1000
DL10S2	2	4	0	1929.4281	0	1000
DL10S2SA1	2	4	1	2220.5235	0	1000
DL10S2SA1_EGS	2	4	1	2493.6196	0	1000
DL10S2SA1_EGS_plus44	2	4	1	2537.64582	0	1000
DL10S2SA1_S	2	4	1	2307.5555	0	1000
DL10S2SA1_SA	2	4	1	2378.5926	0	1000
DL10S2SA1_SAN	2	4	1	2492.6355	0	1000
DL10S2SA1_SG	2	4	1	2364.577	0	1000
DL10S2SA1_SG_plus44	2	4	1	2408.6032200000004	0	1000
DL10S2_EGS	2	4	0	2202.5242	0	1000
DL10S2_EGS_plus44	2	4	0	2246.55042	0	1000
DL10S2_S	2	4	0	2016.4601	0	1000
DL10S2_SA	2	4	0	2087.4972	0	1000
DL10S2_SAN	2	4	0	2201.5401	0	1000
DL10S2_SG-or-dp10S2_NRE	2	4	0	2073.4816	0	1000
DL10S2_SG_plus44	2	4	0	2117.5078200000003	0	1000
DL10S3	3	4	0	2009.3849	0	1000
DL10S3SA1	3	4	1	2300.4803	0	1000
DL10S3SA1_EGS	3	4	1	2573.5764	0	1000
DL10S3SA1_EGS_plus44	3	4	1	2617.60262	0	1000
DL10S3SA1_S	3	4	1	2387.5123	0	1000
DL10S3SA1_SA	3	4	1	2458.5494	0	1000
DL10S3SA1_SAN	3	4	1	2572.5923	0	1000
DL10S3SA1_SG	3	4	1	2444.5338	0	1000
DL10S3SA1_SG_plus44	3	4	1	2488.5600200000003	0	1000
DL10S3_EGS	3	4	0	2282.481	0	1000
DL10S3_EGS_plus44	3	4	0	2326.5072200000004	0	1000
DL10S3_S	3	4	0	2096.4169	0	1000
DL10S3_SA	3	4	0	2167.454	0	1000
DL10S3_SAN	3	4	0	2281.4969	0	1000
DL10S3_SG-or-dp10S3_NRE	3	4	0	2153.4384	0	1000
DL10S3_SG_plus44	3	4	0	2197.46462	0	1000
DL10S4	4	4	0	2089.3417	0	1000
DL10S4SA1	4	4	1	2380.4371	0	1000
DL10S4SA1_EGS	4	4	1	2653.5332	0	1000
DL10S4SA1_EGS_plus44	4	4	1	2697.55942	0	1000
DL10S4SA1_S	4	4	1	2467.4691	0	1000
DL10S4SA1_SA	4	4	1	2538.5062	0	1000
DL10S4SA1_SAN	4	4	1	2652.5491	0	1000
DL10S4SA1_SG	4	4	1	2524.4906	0	1000
DL10S4SA1_SG_plus44	4	4	1	2568.5168200000003	0	1000
DL10S4_EGS	4	4	0	2362.4378	0	1000
DL10S4_EGS_plus44	4	4	0	2406.4640200000003	0	1000
DL10S4_S	4	4	0	2176.3737	0	1000
DL10S4_SA	4	4	0	2247.4108	0	1000
DL10S4_SAN	4	4	0	2361.4537	0	1000
DL10S4_SG-or-dp10S4_NRE	4	4	0	2233.3952	0	1000
DL10S4_SG_plus44	4	4	0	2277.42142	0	1000
DL10S5	5	4	0	2169.2985	0	1000
DL10S5SA1	5	4	1	2460.3939	0	1000
DL10S5SA1_EGS	5	4	1	2733.49	0	1000
DL10S5SA1_EGS_plus44	5	4	1	2777.51622	0	1000
DL10S5SA1_S	5	4	1	2547.4259	0	1000
DL10S5SA1_SA	5	4	1	2618.463	0	1000
DL10S5SA1_SAN	5	4	1	2732.5059	0	1000
DL10S5SA1_SG	5	4	1	2604.4474	0	1000
DL10S5SA1_SG_plus44	5	4	1	2648.47362	0	1000
DL10S5_EGS	5	4	0	2442.3946	0	1000
DL10S5_EGS_plus44	5	4	0	2486.4208200000003	0	1000
DL10S5_S	5	4	0	2256.3305	0	1000
DL10S5_SA	5	4	0	2327.3676	0	1000
DL10S5_SAN	5	4	0	2441.4105	0	1000
DL10S5_SG-or-dp10S5_NRE	5	4	0	2313.352	0	1000
DL10S5_SG_plus44	5	4	0	2357.37822	0	1000
DL10S6	6	4	0	2249.2553	0	1000
DL10S6_EGS	6	4	0	2522.3514	0	1000
DL10S6_EGS_plus44	6	4	0	2566.37762	0	1000
DL10S6_S	6	4	0	2336.2873	0	1000
DL10S6_SA	6	4	0	2407.3244	0	1000
DL10S6_SAN	6	4	0	2521.3673	0	1000
DL10S6_SG-or-dp10S6_NRE	6	4	0	2393.3088	0	1000
DL10S6_SG_plus44	6	4	0	2437.33502	0	1000
DL12S0	0	5	0	2148.626	0	1000
DL12S0SA1	0	5	1	2439.7214	0	1000
DL12S0SA1_EGS	0	5	1	2712.8175	0	1000
DL12S0SA1_EGS_plus44	0	5	1	2756.8437200000003	0	1000
DL12S0SA1_S	0	5	1	2526.7534	0	1000
DL12S0SA1_SA	0	5	1	2597.7905	0	1000
DL12S0SA1_SAN	0	5	1	2711.8334	0	1000
DL12S0SA1_SG	0	5	1	2583.7749	0	1000
DL12S0SA1_SG_plus44	0	5	1	2627.80112	0	1000
DL12S0_EGS	0	5	0	2421.7221	0	1000
DL12S0_EGS_plus44	0	5	0	2465.74832	0	1000
DL12S0_S	0	5	0	2235.658	0	1000
DL12S0_SA	0	5	0	2306.6951	0	1000
DL12S0_SAN	0	5	0	2420.738	0	1000
DL12S0_SG-or-dp12S0_NRE	0	5	0	2292.6795	0	1000
DL12S0_SG_plus44	0	5	0	2336.7057200000004	0	1000
DL12S1	1	5	0	2228.5828	0	1000
DL12S1SA1	1	5	1	2519.6782	0	1000
DL12S1SA1_EGS	1	5	1	2792.7743	0	1000
DL12S1SA1_EGS_plus44	1	5	1	2836.8005200000002	0	1000
DL12S1SA1_S	1	5	1	2606.7102	0	1000
DL12S1SA1_SA	1	5	1	2677.7473	0	1000
DL12S1SA1_SAN	1	5	1	2791.7902	0	1000
DL12S1SA1_SG	1	5	1	2663.7317	0	1000
DL12S1SA1_SG_plus44	1	5	1	2707.75792	0	1000
DL12S1_EGS	1	5	0	2501.6789	0	1000
DL12S1_EGS_plus44	1	5	0	2545.70512	0	1000
DL12S1_S	1	5	0	2315.6148	0	1000
DL12S1_SA	1	5	0	2386.6519	0	1000
DL12S1_SAN	1	5	0	2500.6948	0	1000
DL12S1_SG-or-dp12S1_NRE	1	5	0	2372.6363	0	1000
DL12S1_SG_plus44	1	5	0	2416.6625200000003	0	1000
DL12S2	2	5	0	2308.5396	0	1000
DL12S2SA1	2	5	1	2599.635	0	1000
DL12S2SA1_EGS	2	5	1	2872.7311	0	1000
DL12S2SA1_EGS_plus44	2	5	1	2916.75732	0	1000
DL12S2SA1_S	2	5	1	2686.667	0	1000
DL12S2SA1_SA	2	5	1	2757.7041	0	1000
DL12S2SA1_SAN	2	5	1	2871.747	0	1000
DL12S2SA1_SG	2	5	1	2743.6885	0	1000
DL12S2SA1_SG_plus44	2	5	1	2787.7147200000004	0	1000
DL12S2_EGS	2	5	0	2581.6357	0	1000
DL12S2_EGS_plus44	2	5	0	2625.66192	0	1000
DL12S2_S	2	5	0	2395.5716	0	1000
DL12S2_SA	2	5	0	2466.6087	0	1000
DL12S2_SAN	2	5	0	2580.6516	0	1000
DL12S2_SG-or-dp12S2_NRE	2	5	0	2452.5931	0	1000
DL12S2_SG_plus44	2	5	0	2496.6193200000002	0	1000
DL12S3	3	5	0	2388.4964	0	1000
DL12S3SA1	3	5	1	2679.5918	0	1000
DL12S3SA1_EGS	3	5	1	2952.6879	0	1000
DL12S3SA1_EGS_plus44	3	5	1	2996.71412	0	1000
DL12S3SA1_S	3	5	1	2766.6238	0	1000
DL12S3SA1_SA	3	5	1	2837.6609	0	1000
DL12S3SA1_SAN	3	5	1	2951.7038	0	1000
DL12S3SA1_SG	3	5	1	2823.6453	0	1000
DL12S3SA1_SG_plus44	3	5	1	2867.6715200000003	0	1000
DL12S3_EGS	3	5	0	2661.5925	0	1000
DL12S3_EGS_plus44	3	5	0	2705.6187200000004	0	1000
DL12S3_S	3	5	0	2475.5284	0	1000
DL12S3_SA	3	5	0	2546.5655	0	1000
DL12S3_SAN	3	5	0	2660.6084	0	1000
DL12S3_SG-or-dp12S3_NRE	3	5	0	2532.5499	0	1000
DL12S3_SG_plus44	3	5	0	2576.57612	0	1000
DL12S4	4	5	0	2468.4532	0	1000
DL12S4SA1	4	5	1	2759.5486	0	1000
DL12S4SA1_EGS	4	5	1	3032.6447	0	1000
DL12S4SA1_EGS_plus44	4	5	1	3076.67092	0	1000
DL12S4SA1_S	4	5	1	2846.5806	0	1000
DL12S4SA1_SA	4	5	1	2917.6177	0	1000
DL12S4SA1_SAN	4	5	1	3031.6606	0	1000
DL12S4SA1_SG	4	5	1	2903.6021	0	1000
DL12S4SA1_SG_plus44	4	5	1	2947.6283200000003	0	1000
DL12S4_EGS	4	5	0	2741.5493	0	1000
DL12S4_EGS_plus44	4	5	0	2785.5755200000003	0	1000
DL12S4_S	4	5	0	2555.4852	0	1000
DL12S4_SA	4	5	0	2626.5223	0	1000
DL12S4_SAN	4	5	0	2740.5652	0	1000
DL12S4_SG-or-dp12S4_NRE	4	5	0	2612.5067	0	1000
DL12S4_SG_plus44	4	5	0	2656.53292	0	1000
DL12S5	5	5	0	2548.41	0	1000
DL12S5SA1	5	5	1	2839.5054	0	1000
DL12S5SA1_EGS	5	5	1	3112.6015	0	1000
DL12S5SA1_EGS_plus44	5	5	1	3156.6277200000004	0	1000
DL12S5SA1_S	5	5	1	2926.5374	0	1000
DL12S5SA1_SA	5	5	1	2997.5745	0	1000
DL12S5SA1_SAN	5	5	1	3111.6174	0	1000
DL12S5SA1_SG	5	5	1	2983.5589	0	1000
DL12S5SA1_SG_plus44	5	5	1	3027.58512	0	1000
DL12S5_EGS	5	5	0	2821.5061	0	1000
DL12S5_EGS_plus44	5	5	0	2865.5323200000003	0	1000
DL12S5_S	5	5	0	2635.442	0	1000
DL12S5_SA	5	5	0	2706.4791	0	1000
DL12S5_SAN	5	5	0	2820.522	0	1000
DL12S5_SG-or-dp12S5_NRE	5	5	0	2692.4635	0	1000
DL12S5_SG_plus44	5	5	0	2736.48972	0	1000
DL12S6	6	5	0	2628.3668	0	1000
DL12S6SA1	6	5	1	2919.4622	0	1000
DL12S6SA1_EGS	6	5	1	3192.5583	0	1000
DL12S6SA1_EGS_plus44	6	5	1	3236.5845200000003	0	1000
DL12S6SA1_S	6	5	1	3006.4942	0	1000
DL12S6SA1_SA	6	5	1	3077.5313	0	1000
DL12S6SA1_SAN	6	5	1	3191.5742	0	1000
DL12S6SA1_SG	6	5	1	3063.5157	0	1000
DL12S6SA1_SG_plus44	6	5	1	3107.54192	0	1000
DL12S6_EGS	6	5	0	2901.4629	0	1000
DL12S6_EGS_plus44	6	5	0	2945.48912	0	1000
DL12S6_S	6	5	0	2715.3988	0	1000
DL12S6_SA	6	5	0	2786.4359	0	1000
DL12S6_SAN	6	5	0	2900.4788	0	1000
DL12S6_SG-or-dp12S6_NRE	6	5	0	2772.4203	0	1000
DL12S6_SG_plus44	6	5	0	2816.4465200000004	0	1000
DL12S7	7	5	0	2708.3236	0	1000
DL12S7SA1	7	5	1	2999.419	0	1000
DL12S7SA1_EGS	7	5	1	3272.5151	0	1000
DL12S7SA1_EGS_plus44	7	5	1	3316.5413200000003	0	1000
DL12S7SA1_S	7	5	1	3086.451	0	1000
DL12S7SA1_SA	7	5	1	3157.4881	0	1000
DL12S7SA1_SAN	7	5	1	3271.531	0	1000
DL12S7SA1_SG	7	5	1	3143.4725	0	1000
DL12S7SA1_SG_plus44	7	5	1	3187.49872	0	1000
DL12S7_EGS	7	5	0	2981.4197	0	1000
DL12S7_EGS_plus44	7	5	0	3025.44592	0	1000
DL12S7_S	7	5	0	2795.3556	0	1000
DL12S7_SA	7	5	0	2866.3927	0	1000
DL12S7_SAN	7	5	0	2980.4356	0	1000
DL12S7_SG-or-dp12S7_NRE	7	5	0	2852.3771	0	1000
DL12S7_SG_plus44	7	5	0	2896.4033200000003	0	1000
DL12S8	8	5	0	2788.2804	0	1000
DL12S8_EGS	8	5	0	3061.3765	0	1000
DL12S8_EGS_plus44	8	5	0	3105.40272	0	1000
DL12S8_S	8	5	0	2875.3124	0	1000
DL12S8_SA	8	5	0	2946.3495	0	1000
DL12S8_SAN	8	5	0	3060.3924	0	1000
DL12S8_SG-or-dp12S8_NRE	8	5	0	2932.3339	0	1000
DL12S8_SG_plus44	8	5	0	2976.3601200000003	0	1000
DL14S0	0	6	0	2527.7375	0	1000
DL14S0SA1	0	6	1	2818.8329	0	1000
DL14S0SA1_EGS	0	6	1	3091.929	0	1000
DL14S0SA1_EGS_plus44	0	6	1	3135.9552200000003	0	1000
DL14S0SA1_S	0	6	1	2905.8649	0	1000
DL14S0SA1_SA	0	6	1	2976.902	0	1000
DL14S0SA1_SAN	0	6	1	3090.9449	0	1000
DL14S0SA1_SG	0	6	1	2962.8864	0	1000
DL14S0SA1_SG_plus44	0	6	1	3006.91262	0	1000
DL14S0_EGS	0	6	0	2800.8336	0	1000
DL14S0_EGS_plus44	0	6	0	2844.85982	0	1000
DL14S0_S	0	6	0	2614.7695	0	1000
DL14S0_SA	0	6	0	2685.8066	0	1000
DL14S0_SAN	0	6	0	2799.8495	0	1000
DL14S0_SG-or-dp14S0_NRE	0	6	0	2671.791	0	1000
DL14S0_SG_plus44	0	6	0	2715.8172200000004	0	1000
DL14S1	1	6	0	2607.6943	0	1000
DL14S10	10	6	0	3327.3055	0	1000
DL14S10_EGS	10	6	0	3600.4016	0	1000
DL14S10_EGS_plus44	10	6	0	3644.4278200000003	0	1000
DL14S10_S	10	6	0	3414.3375	0	1000
DL14S10_SA	10	6	0	3485.3746	0	1000
DL14S10_SAN	10	6	0	3599.4175	0	1000
DL14S10_SG-or-dp14S10_NRE	10	6	0	3471.359	0	1000
DL14S10_SG_plus44	10	6	0	3515.38522	0	1000
DL14S1SA1	1	6	1	2898.7897	0	1000
DL14S1SA1_EGS	1	6	1	3171.8858	0	1000
DL14S1SA1_EGS_plus44	1	6	1	3215.91202	0	1000
DL14S1SA1_S	1	6	1	2985.8217	0	1000
DL14S1SA1_SA	1	6	1	3056.8588	0	1000
DL14S1SA1_SAN	1	6	1	3170.9017	0	1000
DL14S1SA1_SG	1	6	1	3042.8432	0	1000
DL14S1SA1_SG_plus44	1	6	1	3086.86942	0	1000
DL14S1_EGS	1	6	0	2880.7904	0	1000
DL14S1_EGS_plus44	1	6	0	2924.81662	0	1000
DL14S1_S	1	6	0	2694.7263	0	1000
DL14S1_SA	1	6	0	2765.7634	0	1000
DL14S1_SAN	1	6	0	2879.8063	0	1000
DL14S1_SG-or-dp14S1_NRE	1	6	0	2751.7478	0	1000
DL14S1_SG_plus44	1	6	0	2795.7740200000003	0	1000
DL14S2	2	6	0	2687.6511	0	1000
DL14S2SA1	2	6	1	2978.7465	0	1000
DL14S2SA1_EGS	2	6	1	3251.8426	0	1000
DL14S2SA1_EGS_plus44	2	6	1	3295.86882	0	1000
DL14S2SA1_S	2	6	1	3065.7785	0	1000
DL14S2SA1_SA	2	6	1	3136.8156	0	1000
DL14S2SA1_SAN	2	6	1	3250.8585	0	1000
DL14S2SA1_SG	2	6	1	3122.8	0	1000
DL14S2SA1_SG_plus44	2	6	1	3166.8262200000004	0	1000
DL14S2_EGS	2	6	0	2960.7472	0	1000
DL14S2_EGS_plus44	2	6	0	3004.77342	0	1000
DL14S2_S	2	6	0	2774.6831	0	1000
DL14S2_SA	2	6	0	2845.7202	0	1000
DL14S2_SAN	2	6	0	2959.7631	0	1000
DL14S2_SG-or-dp14S2_NRE	2	6	0	2831.7046	0	1000
DL14S2_SG_plus44	2	6	0	2875.73082	0	1000
DL14S3	3	6	0	2767.6079	0	1000
DL14S3SA1	3	6	1	3058.7033	0	1000
DL14S3SA1_EGS	3	6	1	3331.7994	0	1000
DL14S3SA1_EGS_plus44	3	6	1	3375.82562	0	1000
DL14S3SA1_S	3	6	1	3145.7353	0	1000
DL14S3SA1_SA	3	6	1	3216.7724	0	1000
DL14S3SA1_SAN	3	6	1	3330.8153	0	1000
DL14S3SA1_SG	3	6	1	3202.7568	0	1000
DL14S3SA1_SG_plus44	3	6	1	3246.7830200000003	0	1000
DL14S3_EGS	3	6	0	3040.704	0	1000
DL14S3_EGS_plus44	3	6	0	3084.7302200000004	0	1000
DL14S3_S	3	6	0	2854.6399	0	1000
DL14S3_SA	3	6	0	2925.677	0	1000
DL14S3_SAN	3	6	0	3039.7199	0	1000
DL14S3_SG-or-dp14S3_NRE	3	6	0	2911.6614	0	1000
DL14S3_SG_plus44	3	6	0	2955.68762	0	1000
DL14S4	4	6	0	2847.5647	0	1000
DL14S4SA1	4	6	1	3138.6601	0	1000
DL14S4SA1_EGS	4	6	1	3411.7562	0	1000
DL14S4SA1_EGS_plus44	4	6	1	3455.78242	0	1000
DL14S4SA1_S	4	6	1	3225.6921	0	1000
DL14S4SA1_SA	4	6	1	3296.7292	0	1000
DL14S4SA1_SAN	4	6	1	3410.7721	0	1000
DL14S4SA1_SG	4	6	1	3282.7136	0	1000
DL14S4SA1_SG_plus44	4	6	1	3326.7398200000002	0	1000
DL14S4_EGS	4	6	0	3120.6608	0	1000
DL14S4_EGS_plus44	4	6	0	3164.6870200000003	0	1000
DL14S4_S	4	6	0	2934.5967	0	1000
DL14S4_SA	4	6	0	3005.6338	0	1000
DL14S4_SAN	4	6	0	3119.6767	0	1000
DL14S4_SG-or-dp14S4_NRE	4	6	0	2991.6182	0	1000
DL14S4_SG_plus44	4	6	0	3035.64442	0	1000
DL14S5	5	6	0	2927.5215	0	1000
DL14S5SA1	5	6	1	3218.6169	0	1000
DL14S5SA1_EGS	5	6	1	3491.713	0	1000
DL14S5SA1_EGS_plus44	5	6	1	3535.7392200000004	0	1000
DL14S5SA1_S	5	6	1	3305.6489	0	1000
DL14S5SA1_SA	5	6	1	3376.686	0	1000
DL14S5SA1_SAN	5	6	1	3490.7289	0	1000
DL14S5SA1_SG	5	6	1	3362.6704	0	1000
DL14S5SA1_SG_plus44	5	6	1	3406.69662	0	1000
DL14S5_EGS	5	6	0	3200.6176	0	1000
DL14S5_EGS_plus44	5	6	0	3244.6438200000002	0	1000
DL14S5_S	5	6	0	3014.5535	0	1000
DL14S5_SA	5	6	0	3085.5906	0	1000
DL14S5_SAN	5	6	0	3199.6335	0	1000
DL14S5_SG-or-dp14S5_NRE	5	6	0	3071.575	0	1000
DL14S5_SG_plus44	5	6	0	3115.60122	0	1000
DL14S6	6	6	0	3007.4783	0	1000
DL14S6SA1	6	6	1	3298.5737	0	1000
DL14S6SA1_EGS	6	6	1	3571.6698	0	1000
DL14S6SA1_EGS_plus44	6	6	1	3615.6960200000003	0	1000
DL14S6SA1_S	6	6	1	3385.6057	0	1000
DL14S6SA1_SA	6	6	1	3456.6428	0	1000
DL14S6SA1_SAN	6	6	1	3570.6857	0	1000
DL14S6SA1_SG	6	6	1	3442.6272	0	1000
DL14S6SA1_SG_plus44	6	6	1	3486.65342	0	1000
DL14S6_EGS	6	6	0	3280.5744	0	1000
DL14S6_EGS_plus44	6	6	0	3324.60062	0	1000
DL14S6_S	6	6	0	3094.5103	0	1000
DL14S6_SA	6	6	0	3165.5474	0	1000
DL14S6_SAN	6	6	0	3279.5903	0	1000
DL14S6_SG-or-dp14S6_NRE	6	6	0	3151.5318	0	1000
DL14S6_SG_plus44	6	6	0	3195.5580200000004	0	1000
DL14S7	7	6	0	3087.4351	0	1000
DL14S7SA1	7	6	1	3378.5305	0	1000
DL14S7SA1_EGS	7	6	1	3651.6266	0	1000
DL14S7SA1_EGS_plus44	7	6	1	3695.6528200000002	0	1000
DL14S7SA1_S	7	6	1	3465.5625	0	1000
DL14S7SA1_SA	7	6	1	3536.5996	0	1000
DL14S7SA1_SAN	7	6	1	3650.6425	0	1000
DL14S7SA1_SG	7	6	1	3522.584	0	1000
DL14S7SA1_SG_plus44	7	6	1	3566.61022	0	1000
DL14S7_EGS	7	6	0	3360.5312	0	1000
DL14S7_EGS_plus44	7	6	0	3404.55742	0	1000
DL14S7_S	7	6	0	3174.4671	0	1000
DL14S7_SA	7	6	0	3245.5042	0	1000
DL14S7_SAN	7	6	0	3359.5471	0	1000
DL14S7_SG-or-dp14S7_NRE	7	6	0	3231.4886	0	1000
DL14S7_SG_plus44	7	6	0	3275.5148200000003	0	1000
DL14S8	8	6	0	3167.3919	0	1000
DL14S8SA1	8	6	1	3458.4873	0	1000
DL14S8SA1_EGS	8	6	1	3731.5834	0	1000
DL14S8SA1_EGS_plus44	8	6	1	3775.60962	0	1000
DL14S8SA1_S	8	6	1	3545.5193	0	1000
DL14S8SA1_SA	8	6	1	3616.5564	0	1000
DL14S8SA1_SAN	8	6	1	3730.5993	0	1000
DL14S8SA1_SG	8	6	1	3602.5408	0	1000
DL14S8SA1_SG_plus44	8	6	1	3646.5670200000004	0	1000
DL14S8_EGS	8	6	0	3440.488	0	1000
DL14S8_EGS_plus44	8	6	0	3484.51422	0	1000
DL14S8_S	8	6	0	3254.4239	0	1000
DL14S8_SA	8	6	0	3325.461	0	1000
DL14S8_SAN	8	6	0	3439.5039	0	1000
DL14S8_SG-or-dp14S8_NRE	8	6	0	3311.4454	0	1000
DL14S8_SG_plus44	8	6	0	3355.4716200000003	0	1000
DL14S9	9	6	0	3247.3487	0	1000
DL14S9_EGS	9	6	0	3520.4448	0	1000
DL14S9_EGS_plus44	9	6	0	3564.4710200000004	0	1000
DL14S9_S	9	6	0	3334.3807	0	1000
DL14S9_SA	9	6	0	3405.4178	0	1000
DL14S9_SAN	9	6	0	3519.4607	0	1000
DL14S9_SG-or-dp14S9_NRE	9	6	0	3391.4022	0	1000
DL14S9_SG_plus44	9	6	0	3435.42842	0	1000
DL16S0	0	7	0	2906.849	0	1000
DL16S0SA1	0	7	1	3197.9444	0	1000
DL16S0SA1_EGS	0	7	1	3471.0405	0	1000
DL16S0SA1_EGS_plus44	0	7	1	3515.0667200000003	0	1000
DL16S0SA1_S	0	7	1	3284.9764	0	1000
DL16S0SA1_SA	0	7	1	3356.0135	0	1000
DL16S0SA1_SAN	0	7	1	3470.0564	0	1000
DL16S0SA1_SG	0	7	1	3341.9979	0	1000
DL16S0SA1_SG_plus44	0	7	1	3386.02412	0	1000
DL16S0_EGS	0	7	0	3179.9451	0	1000
DL16S0_EGS_plus44	0	7	0	3223.97132	0	1000
DL16S0_S	0	7	0	2993.881	0	1000
DL16S0_SA	0	7	0	3064.9181	0	1000
DL16S0_SAN	0	7	0	3178.961	0	1000
DL16S0_SG-or-dp16S0_NRE	0	7	0	3050.9025	0	1000
DL16S0_SG_plus44	0	7	0	3094.9287200000003	0	1000
DL16S1	1	7	0	2986.8058	0	1000
DL16S10	10	7	0	3706.417	0	1000
DL16S10SA1	10	7	1	3997.5124	0	1000
DL16S10SA1_EGS	10	7	1	4270.6085	0	1000
DL16S10SA1_EGS_plus44	10	7	1	4314.63472	0	1000
DL16S10SA1_S	10	7	1	4084.5444	0	1000
DL16S10SA1_SA	10	7	1	4155.5815	0	1000
DL16S10SA1_SAN	10	7	1	4269.6244	0	1000
DL16S10SA1_SG	10	7	1	4141.5659	0	1000
DL16S10SA1_SG_plus44	10	7	1	4185.592119999999	0	1000
DL16S10_EGS	10	7	0	3979.5131	0	1000
DL16S10_EGS_plus44	10	7	0	4023.5393200000003	0	1000
DL16S10_S	10	7	0	3793.449	0	1000
DL16S10_SA	10	7	0	3864.4861	0	1000
DL16S10_SAN	10	7	0	3978.529	0	1000
DL16S10_SG-or-dp16S10_NRE	10	7	0	3850.4705	0	1000
DL16S10_SG_plus44	10	7	0	3894.49672	0	1000
DL16S11	11	7	0	3786.3738	0	1000
DL16S11_EGS	11	7	0	4059.4699	0	1000
DL16S11_EGS_plus44	11	7	0	4103.49612	0	1000
DL16S11_S	11	7	0	3873.4058	0	1000
DL16S11_SA	11	7	0	3944.4429	0	1000
DL16S11_SAN	11	7	0	4058.4858	0	1000
DL16S11_SG-or-dp16S11_NRE	11	7	0	3930.4273	0	1000
DL16S11_SG_plus44	11	7	0	3974.45352	0	1000
DL16S12	12	7	0	3866.3306	0	1000
DL16S12_EGS	12	7	0	4139.4267	0	1000
DL16S12_EGS_plus44	12	7	0	4183.45292	0	1000
DL16S12_S	12	7	0	3953.3626	0	1000
DL16S12_SA	12	7	0	4024.3997	0	1000
DL16S12_SAN	12	7	0	4138.4426	0	1000
DL16S12_SG-or-dp16S12_NRE	12	7	0	4010.3841	0	1000
DL16S12_SG_plus44	12	7	0	4054.4103200000004	0	1000
DL16S1SA1	1	7	1	3277.9012	0	1000
DL16S1SA1_EGS	1	7	1	3550.9973	0	1000
DL16S1SA1_EGS_plus44	1	7	1	3595.02352	0	1000
DL16S1SA1_S	1	7	1	3364.9332	0	1000
DL16S1SA1_SA	1	7	1	3435.9703	0	1000
DL16S1SA1_SAN	1	7	1	3550.0132	0	1000
DL16S1SA1_SG	1	7	1	3421.9547	0	1000
DL16S1SA1_SG_plus44	1	7	1	3465.98092	0	1000
DL16S1_EGS	1	7	0	3259.9019	0	1000
DL16S1_EGS_plus44	1	7	0	3303.92812	0	1000
DL16S1_S	1	7	0	3073.8378	0	1000
DL16S1_SA	1	7	0	3144.8749	0	1000
DL16S1_SAN	1	7	0	3258.9178	0	1000
DL16S1_SG-or-dp16S1_NRE	1	7	0	3130.8593	0	1000
DL16S1_SG_plus44	1	7	0	3174.8855200000003	0	1000
DL16S2	2	7	0	3066.7626	0	1000
DL16S2SA1	2	7	1	3357.858	0	1000
DL16S2SA1_EGS	2	7	1	3630.9541	0	1000
DL16S2SA1_EGS_plus44	2	7	1	3674.98032	0	1000
DL16S2SA1_S	2	7	1	3444.89	0	1000
DL16S2SA1_SA	2	7	1	3515.9271	0	1000
DL16S2SA1_SAN	2	7	1	3629.97	0	1000
DL16S2SA1_SG	2	7	1	3501.9115	0	1000
DL16S2SA1_SG_plus44	2	7	1	3545.9377200000004	0	1000
DL16S2_EGS	2	7	0	3339.8587	0	1000
DL16S2_EGS_plus44	2	7	0	3383.8849200000004	0	1000
DL16S2_S	2	7	0	3153.7946	0	1000
DL16S2_SA	2	7	0	3224.8317	0	1000
DL16S2_SAN	2	7	0	3338.8746	0	1000
DL16S2_SG-or-dp16S2_NRE	2	7	0	3210.8161	0	1000
DL16S2_SG_plus44	2	7	0	3254.84232	0	1000
DL16S3	3	7	0	3146.7194	0	1000
DL16S3SA1	3	7	1	3437.8148	0	1000
DL16S3SA1_EGS	3	7	1	3710.9109	0	1000
DL16S3SA1_EGS_plus44	3	7	1	3754.93712	0	1000
DL16S3SA1_S	3	7	1	3524.8468	0	1000
DL16S3SA1_SA	3	7	1	3595.8839	0	1000
DL16S3SA1_SAN	3	7	1	3709.9268	0	1000
DL16S3SA1_SG	3	7	1	3581.8683	0	1000
DL16S3SA1_SG_plus44	3	7	1	3625.8945200000003	0	1000
DL16S3_EGS	3	7	0	3419.8155	0	1000
DL16S3_EGS_plus44	3	7	0	3463.8417200000004	0	1000
DL16S3_S	3	7	0	3233.7514	0	1000
DL16S3_SA	3	7	0	3304.7885	0	1000
DL16S3_SAN	3	7	0	3418.8314	0	1000
DL16S3_SG-or-dp16S3_NRE	3	7	0	3290.7729	0	1000
DL16S3_SG_plus44	3	7	0	3334.79912	0	1000
DL16S4	4	7	0	3226.6762	0	1000
DL16S4SA1	4	7	1	3517.7716	0	1000
DL16S4SA1_EGS	4	7	1	3790.8677	0	1000
DL16S4SA1_EGS_plus44	4	7	1	3834.89392	0	1000
DL16S4SA1_S	4	7	1	3604.8036	0	1000
DL16S4SA1_SA	4	7	1	3675.8407	0	1000
DL16S4SA1_SAN	4	7	1	3789.8836	0	1000
DL16S4SA1_SG	4	7	1	3661.8251	0	1000
DL16S4SA1_SG_plus44	4	7	1	3705.85132	0	1000
DL16S4_EGS	4	7	0	3499.7723	0	1000
DL16S4_EGS_plus44	4	7	0	3543.7985200000003	0	1000
DL16S4_S	4	7	0	3313.7082	0	1000
DL16S4_SA	4	7	0	3384.7453	0	1000
DL16S4_SAN	4	7	0	3498.7882	0	1000
DL16S4_SG-or-dp16S4_NRE	4	7	0	3370.7297	0	1000
DL16S4_SG_plus44	4	7	0	3414.75592	0	1000
DL16S5	5	7	0	3306.633	0	1000
DL16S5SA1	5	7	1	3597.7284	0	1000
DL16S5SA1_EGS	5	7	1	3870.8245	0	1000
DL16S5SA1_EGS_plus44	5	7	1	3914.8507200000004	0	1000
DL16S5SA1_S	5	7	1	3684.7604	0	1000
DL16S5SA1_SA	5	7	1	3755.7975	0	1000
DL16S5SA1_SAN	5	7	1	3869.8404	0	1000
DL16S5SA1_SG	5	7	1	3741.7819	0	1000
DL16S5SA1_SG_plus44	5	7	1	3785.80812	0	1000
DL16S5_EGS	5	7	0	3579.7291	0	1000
DL16S5_EGS_plus44	5	7	0	3623.75532	0	1000
DL16S5_S	5	7	0	3393.665	0	1000
DL16S5_SA	5	7	0	3464.7021	0	1000
DL16S5_SAN	5	7	0	3578.745	0	1000
DL16S5_SG-or-dp16S5_NRE	5	7	0	3450.6865	0	1000
DL16S5_SG_plus44	5	7	0	3494.71272	0	1000
DL16S6	6	7	0	3386.5898	0	1000
DL16S6SA1	6	7	1	3677.6852	0	1000
DL16S6SA1_EGS	6	7	1	3950.7813	0	1000
DL16S6SA1_EGS_plus44	6	7	1	3994.8075200000003	0	1000
DL16S6SA1_S	6	7	1	3764.7172	0	1000
DL16S6SA1_SA	6	7	1	3835.7543	0	1000
DL16S6SA1_SAN	6	7	1	3949.7972	0	1000
DL16S6SA1_SG	6	7	1	3821.7387	0	1000
DL16S6SA1_SG_plus44	6	7	1	3865.76492	0	1000
DL16S6_EGS	6	7	0	3659.6859	0	1000
DL16S6_EGS_plus44	6	7	0	3703.71212	0	1000
DL16S6_S	6	7	0	3473.6218	0	1000
DL16S6_SA	6	7	0	3544.6589	0	1000
DL16S6_SAN	6	7	0	3658.7018	0	1000
DL16S6_SG-or-dp16S6_NRE	6	7	0	3530.6433	0	1000
DL16S6_SG_plus44	6	7	0	3574.6695200000004	0	1000
DL16S7	7	7	0	3466.5466	0	1000
DL16S7SA1	7	7	1	3757.642	0	1000
DL16S7SA1_EGS	7	7	1	4030.7381	0	1000
DL16S7SA1_EGS_plus44	7	7	1	4074.76432	0	1000
DL16S7SA1_S	7	7	1	3844.674	0	1000
DL16S7SA1_SA	7	7	1	3915.7111	0	1000
DL16S7SA1_SAN	7	7	1	4029.754	0	1000
DL16S7SA1_SG	7	7	1	3901.6955	0	1000
DL16S7SA1_SG_plus44	7	7	1	3945.72172	0	1000
DL16S7_EGS	7	7	0	3739.6427	0	1000
DL16S7_EGS_plus44	7	7	0	3783.66892	0	1000
DL16S7_S	7	7	0	3553.5786	0	1000
DL16S7_SA	7	7	0	3624.6157	0	1000
DL16S7_SAN	7	7	0	3738.6586	0	1000
DL16S7_SG-or-dp16S7_NRE	7	7	0	3610.6001	0	1000
DL16S7_SG_plus44	7	7	0	3654.6263200000003	0	1000
DL16S8	8	7	0	3546.5034	0	1000
DL16S8SA1	8	7	1	3837.5988	0	1000
DL16S8SA1_EGS	8	7	1	4110.6949	0	1000
DL16S8SA1_EGS_plus44	8	7	1	4154.72112	0	1000
DL16S8SA1_S	8	7	1	3924.6308	0	1000
DL16S8SA1_SA	8	7	1	3995.6679	0	1000
DL16S8SA1_SAN	8	7	1	4109.7108	0	1000
DL16S8SA1_SG	8	7	1	3981.6523	0	1000
DL16S8SA1_SG_plus44	8	7	1	4025.6785200000004	0	1000
DL16S8_EGS	8	7	0	3819.5995	0	1000
DL16S8_EGS_plus44	8	7	0	3863.62572	0	1000
DL16S8_S	8	7	0	3633.5354	0	1000
DL16S8_SA	8	7	0	3704.5725	0	1000
DL16S8_SAN	8	7	0	3818.6154	0	1000
DL16S8_SG-or-dp16S8_NRE	8	7	0	3690.5569	0	1000
DL16S8_SG_plus44	8	7	0	3734.5831200000002	0	1000
DL16S9	9	7	0	3626.4602	0	1000
DL16S9SA1	9	7	1	3917.5556	0	1000
DL16S9SA1_EGS	9	7	1	4190.6517	0	1000
DL16S9SA1_EGS_plus44	9	7	1	4234.67792	0	1000
DL16S9SA1_S	9	7	1	4004.5876	0	1000
DL16S9SA1_SA	9	7	1	4075.6247	0	1000
DL16S9SA1_SAN	9	7	1	4189.6676	0	1000
DL16S9SA1_SG	9	7	1	4061.6091	0	1000
DL16S9SA1_SG_plus44	9	7	1	4105.63532	0	1000
DL16S9_EGS	9	7	0	3899.5563	0	1000
DL16S9_EGS_plus44	9	7	0	3943.5825200000004	0	1000
DL16S9_S	9	7	0	3713.4922	0	1000
DL16S9_SA	9	7	0	3784.5293	0	1000
DL16S9_SAN	9	7	0	3898.5722	0	1000
DL16S9_SG-or-dp16S9_NRE	9	7	0	3770.5137	0	1000
DL16S9_SG_plus44	9	7	0	3814.53992	0	1000
DL18S0	0	8	0	3285.9605	0	1000
DL18S0_EGS	0	8	0	3559.0566	0	1000
DL18S0_EGS_plus44	0	8	0	3603.08282	0	1000
DL18S0_S	0	8	0	3372.9925	0	1000
DL18S0_SA	0	8	0	3444.0296	0	1000
DL18S0_SAN	0	8	0	3558.0725	0	1000
DL18S0_SG-or-dp18S0_NRE	0	8	0	3430.014	0	1000
DL18S0_SG_plus44	0	8	0	3474.0402200000003	0	1000
DL18S1	1	8	0	3365.9173	0	1000
DL18S10	10	8	0	4085.5285	0	1000
DL18S10_EGS	10	8	0	4358.6246	0	1000
DL18S10_EGS_plus44	10	8	0	4402.65082	0	1000
DL18S10_S	10	8	0	4172.5605	0	1000
DL18S10_SA	10	8	0	4243.5976	0	1000
DL18S10_SAN	10	8	0	4357.6405	0	1000
DL18S10_SG-or-dp18S10_NRE	10	8	0	4229.582	0	1000
DL18S10_SG_plus44	10	8	0	4273.60822	0	1000
DL18S11	11	8	0	4165.4853	0	1000
DL18S11_EGS	11	8	0	4438.5814	0	1000
DL18S11_EGS_plus44	11	8	0	4482.60762	0	1000
DL18S11_S	11	8	0	4252.5173	0	1000
DL18S11_SA	11	8	0	4323.5544	0	1000
DL18S11_SAN	11	8	0	4437.5973	0	1000
DL18S11_SG-or-dp18S11_NRE	11	8	0	4309.5388	0	1000
DL18S11_SG_plus44	11	8	0	4353.56502	0	1000
DL18S12	12	8	0	4245.4421	0	1000
DL18S12_EGS	12	8	0	4518.5382	0	1000
DL18S12_EGS_plus44	12	8	0	4562.56442	0	1000
DL18S12_S	12	8	0	4332.4741	0	1000
DL18S12_SA	12	8	0	4403.5112	0	1000
DL18S12_SAN	12	8	0	4517.5541	0	1000
DL18S12_SG-or-dp18S12_NRE	12	8	0	4389.4956	0	1000
DL18S12_SG_plus44	12	8	0	4433.52182	0	1000
DL18S13	13	8	0	4325.3989	0	1000
DL18S13_EGS	13	8	0	4598.495	0	1000
DL18S13_EGS_plus44	13	8	0	4642.52122	0	1000
DL18S13_S	13	8	0	4412.4309	0	1000
DL18S13_SA	13	8	0	4483.468	0	1000
DL18S13_SAN	13	8	0	4597.5109	0	1000
DL18S13_SG-or-dp18S13_NRE	13	8	0	4469.4524	0	1000
DL18S13_SG_plus44	13	8	0	4513.47862	0	1000
DL18S14	14	8	0	4405.3557	0	1000
DL18S14_EGS	14	8	0	4678.4518	0	1000
DL18S14_EGS_plus44	14	8	0	4722.47802	0	1000
DL18S14_S	14	8	0	4492.3877	0	1000
DL18S14_SA	14	8	0	4563.4248	0	1000
DL18S14_SAN	14	8	0	4677.4677	0	1000
DL18S14_SG-or-dp18S14_NRE	14	8	0	4549.4092	0	1000
DL18S14_SG_plus44	14	8	0	4593.43542	0	1000
DL18S1_EGS	1	8	0	3639.0134	0	1000
DL18S1_EGS_plus44	1	8	0	3683.03962	0	1000
DL18S1_S	1	8	0	3452.9493	0	1000
DL18S1_SA	1	8	0	3523.9864	0	1000
DL18S1_SAN	1	8	0	3638.0293	0	1000
DL18S1_SG-or-dp18S1_NRE	1	8	0	3509.9708	0	1000
DL18S1_SG_plus44	1	8	0	3553.9970200000002	0	1000
DL18S2	2	8	0	3445.8741	0	1000
DL18S2_EGS	2	8	0	3718.9702	0	1000
DL18S2_EGS_plus44	2	8	0	3762.9964200000004	0	1000
DL18S2_S	2	8	0	3532.9061	0	1000
DL18S2_SA	2	8	0	3603.9432	0	1000
DL18S2_SAN	2	8	0	3717.9861	0	1000
DL18S2_SG-or-dp18S2_NRE	2	8	0	3589.9276	0	1000
DL18S2_SG_plus44	2	8	0	3633.95382	0	1000
DL18S3	3	8	0	3525.8309	0	1000
DL18S3_EGS	3	8	0	3798.927	0	1000
DL18S3_EGS_plus44	3	8	0	3842.9532200000003	0	1000
DL18S3_S	3	8	0	3612.8629	0	1000
DL18S3_SA	3	8	0	3683.9	0	1000
DL18S3_SAN	3	8	0	3797.9429	0	1000
DL18S3_SG-or-dp18S3_NRE	3	8	0	3669.8844	0	1000
DL18S3_SG_plus44	3	8	0	3713.91062	0	1000
DL18S4	4	8	0	3605.7877	0	1000
DL18S4_EGS	4	8	0	3878.8838	0	1000
DL18S4_EGS_plus44	4	8	0	3922.9100200000003	0	1000
DL18S4_S	4	8	0	3692.8197	0	1000
DL18S4_SA	4	8	0	3763.8568	0	1000
DL18S4_SAN	4	8	0	3877.8997	0	1000
DL18S4_SG-or-dp18S4_NRE	4	8	0	3749.8412	0	1000
DL18S4_SG_plus44	4	8	0	3793.86742	0	1000
DL18S5	5	8	0	3685.7445	0	1000
DL18S5_EGS	5	8	0	3958.8406	0	1000
DL18S5_EGS_plus44	5	8	0	4002.86682	0	1000
DL18S5_S	5	8	0	3772.7765	0	1000
DL18S5_SA	5	8	0	3843.8136	0	1000
DL18S5_SAN	5	8	0	3957.8565	0	1000
DL18S5_SG-or-dp18S5_NRE	5	8	0	3829.798	0	1000
DL18S5_SG_plus44	5	8	0	3873.82422	0	1000
DL18S6	6	8	0	3765.7013	0	1000
DL18S6_EGS	6	8	0	4038.7974	0	1000
DL18S6_EGS_plus44	6	8	0	4082.82362	0	1000
DL18S6_S	6	8	0	3852.7333	0	1000
DL18S6_SA	6	8	0	3923.7704	0	1000
DL18S6_SAN	6	8	0	4037.8133	0	1000
DL18S6_SG-or-dp18S6_NRE	6	8	0	3909.7548	0	1000
DL18S6_SG_plus44	6	8	0	3953.7810200000004	0	1000
DL18S7	7	8	0	3845.6581	0	1000
DL18S7_EGS	7	8	0	4118.7542	0	1000
DL18S7_EGS_plus44	7	8	0	4162.78042	0	1000
DL18S7_S	7	8	0	3932.6901	0	1000
DL18S7_SA	7	8	0	4003.7272	0	1000
DL18S7_SAN	7	8	0	4117.7701	0	1000
DL18S7_SG-or-dp18S7_NRE	7	8	0	3989.7116	0	1000
DL18S7_SG_plus44	7	8	0	4033.7378200000003	0	1000
DL18S8	8	8	0	3925.6149	0	1000
DL18S8_EGS	8	8	0	4198.711	0	1000
DL18S8_EGS_plus44	8	8	0	4242.73722	0	1000
DL18S8_S	8	8	0	4012.6469	0	1000
DL18S8_SA	8	8	0	4083.684	0	1000
DL18S8_SAN	8	8	0	4197.7269	0	1000
DL18S8_SG-or-dp18S8_NRE	8	8	0	4069.6684	0	1000
DL18S8_SG_plus44	8	8	0	4113.69462	0	1000
DL18S9	9	8	0	4005.5717	0	1000
DL18S9_EGS	9	8	0	4278.6678	0	1000
DL18S9_EGS_plus44	9	8	0	4322.69402	0	1000
DL18S9_S	9	8	0	4092.6037	0	1000
DL18S9_SA	9	8	0	4163.6408	0	1000
DL18S9_SAN	9	8	0	4277.6837	0	1000
DL18S9_SG-or-dp18S9_NRE	9	8	0	4149.6252	0	1000
DL18S9_SG_plus44	9	8	0	4193.65142	0	1000
DL20S0	0	9	0	3665.072	0	1000
DL20S0_EGS	0	9	0	3938.1681	0	1000
DL20S0_EGS_plus44	0	9	0	3982.19432	0	1000
DL20S0_S	0	9	0	3752.104	0	1000
DL20S0_SA	0	9	0	3823.1411	0	1000
DL20S0_SAN	0	9	0	3937.184	0	1000
DL20S0_SG-or-dp20S0_NRE	0	9	0	3809.1255	0	1000
DL20S0_SG_plus44	0	9	0	3853.1517200000003	0	1000
DL20S1	1	9	0	3745.0288	0	1000
DL20S10	10	9	0	4464.64	0	1000
DL20S10_EGS	10	9	0	4737.7361	0	1000
DL20S10_EGS_plus44	10	9	0	4781.76232	0	1000
DL20S10_S	10	9	0	4551.672	0	1000
DL20S10_SA	10	9	0	4622.7091	0	1000
DL20S10_SAN	10	9	0	4736.752	0	1000
DL20S10_SG-or-dp20S10_NRE	10	9	0	4608.6935	0	1000
DL20S10_SG_plus44	10	9	0	4652.71972	0	1000
DL20S11	11	9	0	4544.5968	0	1000
DL20S11_EGS	11	9	0	4817.6929	0	1000
DL20S11_EGS_plus44	11	9	0	4861.71912	0	1000
DL20S11_S	11	9	0	4631.6288	0	1000
DL20S11_SA	11	9	0	4702.6659	0	1000
DL20S11_SAN	11	9	0	4816.7088	0	1000
DL20S11_SG-or-dp20S11_NRE	11	9	0	4688.6503	0	1000
DL20S11_SG_plus44	11	9	0	4732.67652	0	1000
DL20S12	12	9	0	4624.5536	0	1000
DL20S12_EGS	12	9	0	4897.6497	0	1000
DL20S12_EGS_plus44	12	9	0	4941.67592	0	1000
DL20S12_S	12	9	0	4711.5856	0	1000
DL20S12_SA	12	9	0	4782.6227	0	1000
DL20S12_SAN	12	9	0	4896.6656	0	1000
DL20S12_SG-or-dp20S12_NRE	12	9	0	4768.6071	0	1000
DL20S12_SG_plus44	12	9	0	4812.63332	0	1000
DL20S13	13	9	0	4704.5104	0	1000
DL20S13_EGS	13	9	0	4977.6065	0	1000
DL20S13_EGS_plus44	13	9	0	5021.63272	0	1000
DL20S13_S	13	9	0	4791.5424	0	1000
DL20S13_SA	13	9	0	4862.5795	0	1000
DL20S13_SAN	13	9	0	4976.6224	0	1000
DL20S13_SG-or-dp20S13_NRE	13	9	0	4848.5639	0	1000
DL20S13_SG_plus44	13	9	0	4892.59012	0	1000
DL20S14	14	9	0	4784.4672	0	1000
DL20S14_EGS	14	9	0	5057.5633	0	1000
DL20S14_EGS_plus44	14	9	0	5101.5895199999995	0	1000
DL20S14_S	14	9	0	4871.4992	0	1000
DL20S14_SA	14	9	0	4942.5363	0	1000
DL20S14_SAN	14	9	0	5056.5792	0	1000
DL20S14_SG-or-dp20S14_NRE	14	9	0	4928.5207	0	1000
DL20S14_SG_plus44	14	9	0	4972.54692	0	1000
DL20S15	15	9	0	4864.424	0	1000
DL20S15_EGS	15	9	0	5137.5201	0	1000
DL20S15_EGS_plus44	15	9	0	5181.5463199999995	0	1000
DL20S15_S	15	9	0	4951.456	0	1000
DL20S15_SA	15	9	0	5022.4931	0	1000
DL20S15_SAN	15	9	0	5136.536	0	1000
DL20S15_SG-or-dp20S15_NRE	15	9	0	5008.4775	0	1000
DL20S15_SG_plus44	15	9	0	5052.50372	0	1000
DL20S1_EGS	1	9	0	4018.1249	0	1000
DL20S1_EGS_plus44	1	9	0	4062.15112	0	1000
DL20S1_S	1	9	0	3832.0608	0	1000
DL20S1_SA	1	9	0	3903.0979	0	1000
DL20S1_SAN	1	9	0	4017.1408	0	1000
DL20S1_SG-or-dp20S1_NRE	1	9	0	3889.0823	0	1000
DL20S1_SG_plus44	1	9	0	3933.10852	0	1000
DL20S2	2	9	0	3824.9856	0	1000
DL20S2_EGS	2	9	0	4098.0817	0	1000
DL20S2_EGS_plus44	2	9	0	4142.1079199999995	0	1000
DL20S2_S	2	9	0	3912.0176	0	1000
DL20S2_SA	2	9	0	3983.0547	0	1000
DL20S2_SAN	2	9	0	4097.0976	0	1000
DL20S2_SG-or-dp20S2_NRE	2	9	0	3969.0391	0	1000
DL20S2_SG_plus44	2	9	0	4013.06532	0	1000
DL20S3	3	9	0	3904.9424	0	1000
DL20S3_EGS	3	9	0	4178.0385	0	1000
DL20S3_EGS_plus44	3	9	0	4222.064719999999	0	1000
DL20S3_S	3	9	0	3991.9744	0	1000
DL20S3_SA	3	9	0	4063.0115	0	1000
DL20S3_SAN	3	9	0	4177.0544	0	1000
DL20S3_SG-or-dp20S3_NRE	3	9	0	4048.9959	0	1000
DL20S3_SG_plus44	3	9	0	4093.02212	0	1000
DL20S4	4	9	0	3984.8992	0	1000
DL20S4_EGS	4	9	0	4257.9953	0	1000
DL20S4_EGS_plus44	4	9	0	4302.021519999999	0	1000
DL20S4_S	4	9	0	4071.9312	0	1000
DL20S4_SA	4	9	0	4142.9683	0	1000
DL20S4_SAN	4	9	0	4257.0112	0	1000
DL20S4_SG-or-dp20S4_NRE	4	9	0	4128.9527	0	1000
DL20S4_SG_plus44	4	9	0	4172.97892	0	1000
DL20S5	5	9	0	4064.856	0	1000
DL20S5_EGS	5	9	0	4337.9521	0	1000
DL20S5_EGS_plus44	5	9	0	4381.97832	0	1000
DL20S5_S	5	9	0	4151.888	0	1000
DL20S5_SA	5	9	0	4222.9251	0	1000
DL20S5_SAN	5	9	0	4336.968	0	1000
DL20S5_SG-or-dp20S5_NRE	5	9	0	4208.9095	0	1000
DL20S5_SG_plus44	5	9	0	4252.9357199999995	0	1000
DL20S6	6	9	0	4144.8128	0	1000
DL20S6_EGS	6	9	0	4417.9089	0	1000
DL20S6_EGS_plus44	6	9	0	4461.93512	0	1000
DL20S6_S	6	9	0	4231.8448	0	1000
DL20S6_SA	6	9	0	4302.8819	0	1000
DL20S6_SAN	6	9	0	4416.9248	0	1000
DL20S6_SG-or-dp20S6_NRE	6	9	0	4288.8663	0	1000
DL20S6_SG_plus44	6	9	0	4332.892519999999	0	1000
DL20S7	7	9	0	4224.7696	0	1000
DL20S7_EGS	7	9	0	4497.8657	0	1000
DL20S7_EGS_plus44	7	9	0	4541.89192	0	1000
DL20S7_S	7	9	0	4311.8016	0	1000
DL20S7_SA	7	9	0	4382.8387	0	1000
DL20S7_SAN	7	9	0	4496.8816	0	1000
DL20S7_SG-or-dp20S7_NRE	7	9	0	4368.8231	0	1000
DL20S7_SG_plus44	7	9	0	4412.849319999999	0	1000
DL20S8	8	9	0	4304.7264	0	1000
DL20S8_EGS	8	9	0	4577.8225	0	1000
DL20S8_EGS_plus44	8	9	0	4621.84872	0	1000
DL20S8_S	8	9	0	4391.7584	0	1000
DL20S8_SA	8	9	0	4462.7955	0	1000
DL20S8_SAN	8	9	0	4576.8384	0	1000
DL20S8_SG-or-dp20S8_NRE	8	9	0	4448.7799	0	1000
DL20S8_SG_plus44	8	9	0	4492.80612	0	1000
DL20S9	9	9	0	4384.6832	0	1000
DL20S9_EGS	9	9	0	4657.7793	0	1000
DL20S9_EGS_plus44	9	9	0	4701.80552	0	1000
DL20S9_S	9	9	0	4471.7152	0	1000
DL20S9_SA	9	9	0	4542.7523	0	1000
DL20S9_SAN	9	9	0	4656.7952	0	1000
DL20S9_SG-or-dp20S9_NRE	9	9	0	4528.7367	0	1000
DL20S9_SG_plus44	9	9	0	4572.76292	0	1000
DL22S0	0	10	0	4044.1835	0	1000
DL22S0_EGS	0	10	0	4317.2796	0	1000
DL22S0_EGS_plus44	0	10	0	4361.30582	0	1000
DL22S0_S	0	10	0	4131.2155	0	1000
DL22S0_SA	0	10	0	4202.2526	0	1000
DL22S0_SAN	0	10	0	4316.2955	0	1000
DL22S0_SG-or-dp22S0_NRE	0	10	0	4188.237	0	1000
DL22S0_SG_plus44	0	10	0	4232.26322	0	1000
DL22S1	1	10	0	4124.1403	0	1000
DL22S10	10	10	0	4843.7515	0	1000
DL22S10_EGS	10	10	0	5116.8476	0	1000
DL22S10_EGS_plus44	10	10	0	5160.87382	0	1000
DL22S10_S	10	10	0	4930.7835	0	1000
DL22S10_SA	10	10	0	5001.8206	0	1000
DL22S10_SAN	10	10	0	5115.8635	0	1000
DL22S10_SG-or-dp22S10_NRE	10	10	0	4987.805	0	1000
DL22S10_SG_plus44	10	10	0	5031.83122	0	1000
DL22S11	11	10	0	4923.7083	0	1000
DL22S11_EGS	11	10	0	5196.8044	0	1000
DL22S11_EGS_plus44	11	10	0	5240.83062	0	1000
DL22S11_S	11	10	0	5010.7403	0	1000
DL22S11_SA	11	10	0	5081.7774	0	1000
DL22S11_SAN	11	10	0	5195.8203	0	1000
DL22S11_SG-or-dp22S11_NRE	11	10	0	5067.7618	0	1000
DL22S11_SG_plus44	11	10	0	5111.78802	0	1000
DL22S12	12	10	0	5003.6651	0	1000
DL22S12_EGS	12	10	0	5276.7612	0	1000
DL22S12_EGS_plus44	12	10	0	5320.78742	0	1000
DL22S12_S	12	10	0	5090.6971	0	1000
DL22S12_SA	12	10	0	5161.7342	0	1000
DL22S12_SAN	12	10	0	5275.7771	0	1000
DL22S12_SG-or-dp22S12_NRE	12	10	0	5147.7186	0	1000
DL22S12_SG_plus44	12	10	0	5191.74482	0	1000
DL22S13	13	10	0	5083.6219	0	1000
DL22S13_EGS	13	10	0	5356.718	0	1000
DL22S13_EGS_plus44	13	10	0	5400.74422	0	1000
DL22S13_S	13	10	0	5170.6539	0	1000
DL22S13_SA	13	10	0	5241.691	0	1000
DL22S13_SAN	13	10	0	5355.7339	0	1000
DL22S13_SG-or-dp22S13_NRE	13	10	0	5227.6754	0	1000
DL22S13_SG_plus44	13	10	0	5271.70162	0	1000
DL22S14	14	10	0	5163.5787	0	1000
DL22S14_EGS	14	10	0	5436.6748	0	1000
DL22S14_EGS_plus44	14	10	0	5480.7010199999995	0	1000
DL22S14_S	14	10	0	5250.6107	0	1000
DL22S14_SA	14	10	0	5321.6478	0	1000
DL22S14_SAN	14	10	0	5435.6907	0	1000
DL22S14_SG-or-dp22S14_NRE	14	10	0	5307.6322	0	1000
DL22S14_SG_plus44	14	10	0	5351.65842	0	1000
DL22S15	15	10	0	5243.5355	0	1000
DL22S15_EGS	15	10	0	5516.6316	0	1000
DL22S15_EGS_plus44	15	10	0	5560.657819999999	0	1000
DL22S15_S	15	10	0	5330.5675	0	1000
DL22S15_SA	15	10	0	5401.6046	0	1000
DL22S15_SAN	15	10	0	5515.6475	0	1000
DL22S15_SG-or-dp22S15_NRE	15	10	0	5387.589	0	1000
DL22S15_SG_plus44	15	10	0	5431.61522	0	1000
DL22S16	16	10	0	5323.4923	0	1000
DL22S16_EGS	16	10	0	5596.5884	0	1000
DL22S16_EGS_plus44	16	10	0	5640.614619999999	0	1000
DL22S16_S	16	10	0	5410.5243	0	1000
DL22S16_SA	16	10	0	5481.5614	0	1000
DL22S16_SAN	16	10	0	5595.6043	0	1000
DL22S16_SG-or-dp22S16_NRE	16	10	0	5467.5458	0	1000
DL22S16_SG_plus44	16	10	0	5511.57202	0	1000
DL22S1_EGS	1	10	0	4397.2364	0	1000
DL22S1_EGS_plus44	1	10	0	4441.2626199999995	0	1000
DL22S1_S	1	10	0	4211.1723	0	1000
DL22S1_SA	1	10	0	4282.2094	0	1000
DL22S1_SAN	1	10	0	4396.2523	0	1000
DL22S1_SG-or-dp22S1_NRE	1	10	0	4268.1938	0	1000
DL22S1_SG_plus44	1	10	0	4312.22002	0	1000
DL22S2	2	10	0	4204.0971	0	1000
DL22S2_EGS	2	10	0	4477.1932	0	1000
DL22S2_EGS_plus44	2	10	0	4521.219419999999	0	1000
DL22S2_S	2	10	0	4291.1291	0	1000
DL22S2_SA	2	10	0	4362.1662	0	1000
DL22S2_SAN	2	10	0	4476.2091	0	1000
DL22S2_SG-or-dp22S2_NRE	2	10	0	4348.1506	0	1000
DL22S2_SG_plus44	2	10	0	4392.17682	0	1000
DL22S3	3	10	0	4284.0539	0	1000
DL22S3_EGS	3	10	0	4557.15	0	1000
DL22S3_EGS_plus44	3	10	0	4601.176219999999	0	1000
DL22S3_S	3	10	0	4371.0859	0	1000
DL22S3_SA	3	10	0	4442.123	0	1000
DL22S3_SAN	3	10	0	4556.1659	0	1000
DL22S3_SG-or-dp22S3_NRE	3	10	0	4428.1074	0	1000
DL22S3_SG_plus44	3	10	0	4472.13362	0	1000
DL22S4	4	10	0	4364.0107	0	1000
DL22S4_EGS	4	10	0	4637.1068	0	1000
DL22S4_EGS_plus44	4	10	0	4681.133019999999	0	1000
DL22S4_S	4	10	0	4451.0427	0	1000
DL22S4_SA	4	10	0	4522.0798	0	1000
DL22S4_SAN	4	10	0	4636.1227	0	1000
DL22S4_SG-or-dp22S4_NRE	4	10	0	4508.0642	0	1000
DL22S4_SG_plus44	4	10	0	4552.0904199999995	0	1000
DL22S5	5	10	0	4443.9675	0	1000
DL22S5_EGS	5	10	0	4717.0636	0	1000
DL22S5_EGS_plus44	5	10	0	4761.08982	0	1000
DL22S5_S	5	10	0	4530.9995	0	1000
DL22S5_SA	5	10	0	4602.0366	0	1000
DL22S5_SAN	5	10	0	4716.0795	0	1000
DL22S5_SG-or-dp22S5_NRE	5	10	0	4588.021	0	1000
DL22S5_SG_plus44	5	10	0	4632.0472199999995	0	1000
DL22S6	6	10	0	4523.9243	0	1000
DL22S6_EGS	6	10	0	4797.0204	0	1000
DL22S6_EGS_plus44	6	10	0	4841.04662	0	1000
DL22S6_S	6	10	0	4610.9563	0	1000
DL22S6_SA	6	10	0	4681.9934	0	1000
DL22S6_SAN	6	10	0	4796.0363	0	1000
DL22S6_SG-or-dp22S6_NRE	6	10	0	4667.9778	0	1000
DL22S6_SG_plus44	6	10	0	4712.004019999999	0	1000
DL22S7	7	10	0	4603.8811	0	1000
DL22S7_EGS	7	10	0	4876.9772	0	1000
DL22S7_EGS_plus44	7	10	0	4921.00342	0	1000
DL22S7_S	7	10	0	4690.9131	0	1000
DL22S7_SA	7	10	0	4761.9502	0	1000
DL22S7_SAN	7	10	0	4875.9931	0	1000
DL22S7_SG-or-dp22S7_NRE	7	10	0	4747.9346	0	1000
DL22S7_SG_plus44	7	10	0	4791.960819999999	0	1000
DL22S8	8	10	0	4683.8379	0	1000
DL22S8_EGS	8	10	0	4956.934	0	1000
DL22S8_EGS_plus44	8	10	0	5000.96022	0	1000
DL22S8_S	8	10	0	4770.8699	0	1000
DL22S8_SA	8	10	0	4841.907	0	1000
DL22S8_SAN	8	10	0	4955.9499	0	1000
DL22S8_SG-or-dp22S8_NRE	8	10	0	4827.8914	0	1000
DL22S8_SG_plus44	8	10	0	4871.91762	0	1000
DL22S9	9	10	0	4763.7947	0	1000
DL22S9_EGS	9	10	0	5036.8908	0	1000
DL22S9_EGS_plus44	9	10	0	5080.91702	0	1000
DL22S9_S	9	10	0	4850.8267	0	1000
DL22S9_SA	9	10	0	4921.8638	0	1000
DL22S9_SAN	9	10	0	5035.9067	0	1000
DL22S9_SG-or-dp22S9_NRE	9	10	0	4907.8482	0	1000
DL22S9_SG_plus44	9	10	0	4951.87442	0	1000
DL24S0	0	11	0	4423.295	0	1000
DL24S0_EGS	0	11	0	4696.3911	0	1000
DL24S0_EGS_plus44	0	11	0	4740.41732	0	1000
DL24S0_S	0	11	0	4510.327	0	1000
DL24S0_SA	0	11	0	4581.3641	0	1000
DL24S0_SAN	0	11	0	4695.407	0	1000
DL24S0_SG-or-dp24S0_NRE	0	11	0	4567.3485	0	1000
DL24S0_SG_plus44	0	11	0	4611.37472	0	1000
DL24S1	1	11	0	4503.2518	0	1000
DL24S10	10	11	0	5222.863	0	1000
DL24S10_EGS	10	11	0	5495.9591	0	1000
DL24S10_EGS_plus44	10	11	0	5539.98532	0	1000
DL24S10_S	10	11	0	5309.895	0	1000
DL24S10_SA	10	11	0	5380.9321	0	1000
DL24S10_SAN	10	11	0	5494.975	0	1000
DL24S10_SG-or-dp24S10_NRE	10	11	0	5366.9165	0	1000
DL24S10_SG_plus44	10	11	0	5410.94272	0	1000
DL24S11	11	11	0	5302.8198	0	1000
DL24S11_EGS	11	11	0	5575.9159	0	1000
DL24S11_EGS_plus44	11	11	0	5619.94212	0	1000
DL24S11_S	11	11	0	5389.8518	0	1000
DL24S11_SA	11	11	0	5460.8889	0	1000
DL24S11_SAN	11	11	0	5574.9318	0	1000
DL24S11_SG-or-dp24S11_NRE	11	11	0	5446.8733	0	1000
DL24S11_SG_plus44	11	11	0	5490.89952	0	1000
DL24S12	12	11	0	5382.7766	0	1000
DL24S12_EGS	12	11	0	5655.8727	0	1000
DL24S12_EGS_plus44	12	11	0	5699.89892	0	1000
DL24S12_S	12	11	0	5469.8086	0	1000
DL24S12_SA	12	11	0	5540.8457	0	1000
DL24S12_SAN	12	11	0	5654.8886	0	1000
DL24S12_SG-or-dp24S12_NRE	12	11	0	5526.8301	0	1000
DL24S12_SG_plus44	12	11	0	5570.85632	0	1000
DL24S13	13	11	0	5462.7334	0	1000
DL24S13_EGS	13	11	0	5735.8295	0	1000
DL24S13_EGS_plus44	13	11	0	5779.85572	0	1000
DL24S13_S	13	11	0	5549.7654	0	1000
DL24S13_SA	13	11	0	5620.8025	0	1000
DL24S13_SAN	13	11	0	5734.8454	0	1000
DL24S13_SG-or-dp24S13_NRE	13	11	0	5606.7869	0	1000
DL24S13_SG_plus44	13	11	0	5650.81312	0	1000
DL24S14	14	11	0	5542.6902	0	1000
DL24S14_EGS	14	11	0	5815.7863	0	1000
DL24S14_EGS_plus44	14	11	0	5859.8125199999995	0	1000
DL24S14_S	14	11	0	5629.7222	0	1000
DL24S14_SA	14	11	0	5700.7593	0	1000
DL24S14_SAN	14	11	0	5814.8022	0	1000
DL24S14_SG-or-dp24S14_NRE	14	11	0	5686.7437	0	1000
DL24S14_SG_plus44	14	11	0	5730.76992	0	1000
DL24S15	15	11	0	5622.647	0	1000
DL24S15_EGS	15	11	0	5895.7431	0	1000
DL24S15_EGS_plus44	15	11	0	5939.769319999999	0	1000
DL24S15_S	15	11	0	5709.679	0	1000
DL24S15_SA	15	11	0	5780.7161	0	1000
DL24S15_SAN	15	11	0	5894.759	0	1000
DL24S15_SG-or-dp24S15_NRE	15	11	0	5766.7005	0	1000
DL24S15_SG_plus44	15	11	0	5810.72672	0	1000
DL24S16	16	11	0	5702.6038	0	1000
DL24S16_EGS	16	11	0	5975.6999	0	1000
DL24S16_EGS_plus44	16	11	0	6019.726119999999	0	1000
DL24S16_S	16	11	0	5789.6358	0	1000
DL24S16_SA	16	11	0	5860.6729	0	1000
DL24S16_SAN	16	11	0	5974.7158	0	1000
DL24S16_SG-or-dp24S16_NRE	16	11	0	5846.6573	0	1000
DL24S16_SG_plus44	16	11	0	5890.68352	0	1000
DL24S17	17	11	0	5782.5606	0	1000
DL24S17_EGS	17	11	0	6055.6567	0	1000
DL24S17_EGS_plus44	17	11	0	6099.682919999999	0	1000
DL24S17_S	17	11	0	5869.5926	0	1000
DL24S17_SA	17	11	0	5940.6297	0	1000
DL24S17_SAN	17	11	0	6054.6726	0	1000
DL24S17_SG-or-dp24S17_NRE	17	11	0	5926.6141	0	1000
DL24S17_SG_plus44	17	11	0	5970.6403199999995	0	1000
DL24S1_EGS	1	11	0	4776.3479	0	1000
DL24S1_EGS_plus44	1	11	0	4820.3741199999995	0	1000
DL24S1_S	1	11	0	4590.2838	0	1000
DL24S1_SA	1	11	0	4661.3209	0	1000
DL24S1_SAN	1	11	0	4775.3638	0	1000
DL24S1_SG-or-dp24S1_NRE	1	11	0	4647.3053	0	1000
DL24S1_SG_plus44	1	11	0	4691.33152	0	1000
DL24S2	2	11	0	4583.2086	0	1000
DL24S2_EGS	2	11	0	4856.3047	0	1000
DL24S2_EGS_plus44	2	11	0	4900.330919999999	0	1000
DL24S2_S	2	11	0	4670.2406	0	1000
DL24S2_SA	2	11	0	4741.2777	0	1000
DL24S2_SAN	2	11	0	4855.3206	0	1000
DL24S2_SG-or-dp24S2_NRE	2	11	0	4727.2621	0	1000
DL24S2_SG_plus44	2	11	0	4771.28832	0	1000
DL24S3	3	11	0	4663.1654	0	1000
DL24S3_EGS	3	11	0	4936.2615	0	1000
DL24S3_EGS_plus44	3	11	0	4980.287719999999	0	1000
DL24S3_S	3	11	0	4750.1974	0	1000
DL24S3_SA	3	11	0	4821.2345	0	1000
DL24S3_SAN	3	11	0	4935.2774	0	1000
DL24S3_SG-or-dp24S3_NRE	3	11	0	4807.2189	0	1000
DL24S3_SG_plus44	3	11	0	4851.24512	0	1000
DL24S4	4	11	0	4743.1222	0	1000
DL24S4_EGS	4	11	0	5016.2183	0	1000
DL24S4_EGS_plus44	4	11	0	5060.24452	0	1000
DL24S4_S	4	11	0	4830.1542	0	1000
DL24S4_SA	4	11	0	4901.1913	0	1000
DL24S4_SAN	4	11	0	5015.2342	0	1000
DL24S4_SG-or-dp24S4_NRE	4	11	0	4887.1757	0	1000
DL24S4_SG_plus44	4	11	0	4931.2019199999995	0	1000
DL24S5	5	11	0	4823.079	0	1000
DL24S5_EGS	5	11	0	5096.1751	0	1000
DL24S5_EGS_plus44	5	11	0	5140.20132	0	1000
DL24S5_S	5	11	0	4910.111	0	1000
DL24S5_SA	5	11	0	4981.1481	0	1000
DL24S5_SAN	5	11	0	5095.191	0	1000
DL24S5_SG-or-dp24S5_NRE	5	11	0	4967.1325	0	1000
DL24S5_SG_plus44	5	11	0	5011.158719999999	0	1000
DL24S6	6	11	0	4903.0358	0	1000
DL24S6_EGS	6	11	0	5176.1319	0	1000
DL24S6_EGS_plus44	6	11	0	5220.15812	0	1000
DL24S6_S	6	11	0	4990.0678	0	1000
DL24S6_SA	6	11	0	5061.1049	0	1000
DL24S6_SAN	6	11	0	5175.1478	0	1000
DL24S6_SG-or-dp24S6_NRE	6	11	0	5047.0893	0	1000
DL24S6_SG_plus44	6	11	0	5091.115519999999	0	1000
DL24S7	7	11	0	4982.9926	0	1000
DL24S7_EGS	7	11	0	5256.0887	0	1000
DL24S7_EGS_plus44	7	11	0	5300.11492	0	1000
DL24S7_S	7	11	0	5070.0246	0	1000
DL24S7_SA	7	11	0	5141.0617	0	1000
DL24S7_SAN	7	11	0	5255.1046	0	1000
DL24S7_SG-or-dp24S7_NRE	7	11	0	5127.0461	0	1000
DL24S7_SG_plus44	7	11	0	5171.072319999999	0	1000
DL24S8	8	11	0	5062.9494	0	1000
DL24S8_EGS	8	11	0	5336.0455	0	1000
DL24S8_EGS_plus44	8	11	0	5380.07172	0	1000
DL24S8_S	8	11	0	5149.9814	0	1000
DL24S8_SA	8	11	0	5221.0185	0	1000
DL24S8_SAN	8	11	0	5335.0614	0	1000
DL24S8_SG-or-dp24S8_NRE	8	11	0	5207.0029	0	1000
DL24S8_SG_plus44	8	11	0	5251.02912	0	1000
DL24S9	9	11	0	5142.9062	0	1000
DL24S9_EGS	9	11	0	5416.0023	0	1000
DL24S9_EGS_plus44	9	11	0	5460.02852	0	1000
DL24S9_S	9	11	0	5229.9382	0	1000
DL24S9_SA	9	11	0	5300.9753	0	1000
DL24S9_SAN	9	11	0	5415.0182	0	1000
DL24S9_SG-or-dp24S9_NRE	9	11	0	5286.9597	0	1000
DL24S9_SG_plus44	9	11	0	5330.98592	0	1000
DL26S0	0	12	0	4802.4065	0	1000
DL26S0_EGS	0	12	0	5075.5026	0	1000
DL26S0_EGS_plus44	0	12	0	5119.5288199999995	0	1000
DL26S0_S	0	12	0	4889.4385	0	1000
DL26S0_SA	0	12	0	4960.4756	0	1000
DL26S0_SAN	0	12	0	5074.5185	0	1000
DL26S0_SG-or-dp26S0_NRE	0	12	0	4946.46	0	1000
DL26S0_SG_plus44	0	12	0	4990.48622	0	1000
DL26S1	1	12	0	4882.3633	0	1000
DL26S10	10	12	0	5601.9745	0	1000
DL26S10_EGS	10	12	0	5875.0706	0	1000
DL26S10_EGS_plus44	10	12	0	5919.09682	0	1000
DL26S10_S	10	12	0	5689.0065	0	1000
DL26S10_SA	10	12	0	5760.0436	0	1000
DL26S10_SAN	10	12	0	5874.0865	0	1000
DL26S10_SG-or-dp26S10_NRE	10	12	0	5746.028	0	1000
DL26S10_SG_plus44	10	12	0	5790.05422	0	1000
DL26S11	11	12	0	5681.9313	0	1000
DL26S11_EGS	11	12	0	5955.0274	0	1000
DL26S11_EGS_plus44	11	12	0	5999.05362	0	1000
DL26S11_S	11	12	0	5768.9633	0	1000
DL26S11_SA	11	12	0	5840.0004	0	1000
DL26S11_SAN	11	12	0	5954.0433	0	1000
DL26S11_SG-or-dp26S11_NRE	11	12	0	5825.9848	0	1000
DL26S11_SG_plus44	11	12	0	5870.01102	0	1000
DL26S12	12	12	0	5761.8881	0	1000
DL26S12_EGS	12	12	0	6034.9842	0	1000
DL26S12_EGS_plus44	12	12	0	6079.01042	0	1000
DL26S12_S	12	12	0	5848.9201	0	1000
DL26S12_SA	12	12	0	5919.9572	0	1000
DL26S12_SAN	12	12	0	6034.0001	0	1000
DL26S12_SG-or-dp26S12_NRE	12	12	0	5905.9416	0	1000
DL26S12_SG_plus44	12	12	0	5949.96782	0	1000
DL26S13	13	12	0	5841.8449	0	1000
DL26S13_EGS	13	12	0	6114.941	0	1000
DL26S13_EGS_plus44	13	12	0	6158.9672199999995	0	1000
DL26S13_S	13	12	0	5928.8769	0	1000
DL26S13_SA	13	12	0	5999.914	0	1000
DL26S13_SAN	13	12	0	6113.9569	0	1000
DL26S13_SG-or-dp26S13_NRE	13	12	0	5985.8984	0	1000
DL26S13_SG_plus44	13	12	0	6029.92462	0	1000
DL26S14	14	12	0	5921.8017	0	1000
DL26S14_EGS	14	12	0	6194.8978	0	1000
DL26S14_EGS_plus44	14	12	0	6238.9240199999995	0	1000
DL26S14_S	14	12	0	6008.8337	0	1000
DL26S14_SA	14	12	0	6079.8708	0	1000
DL26S14_SAN	14	12	0	6193.9137	0	1000
DL26S14_SG-or-dp26S14_NRE	14	12	0	6065.8552	0	1000
DL26S14_SG_plus44	14	12	0	6109.88142	0	1000
DL26S15	15	12	0	6001.7585	0	1000
DL26S15_EGS	15	12	0	6274.8546	0	1000
DL26S15_EGS_plus44	15	12	0	6318.880819999999	0	1000
DL26S15_S	15	12	0	6088.7905	0	1000
DL26S15_SA	15	12	0	6159.8276	0	1000
DL26S15_SAN	15	12	0	6273.8705	0	1000
DL26S15_SG-or-dp26S15_NRE	15	12	0	6145.812	0	1000
DL26S15_SG_plus44	15	12	0	6189.83822	0	1000
DL26S16	16	12	0	6081.7153	0	1000
DL26S16_EGS	16	12	0	6354.8114	0	1000
DL26S16_EGS_plus44	16	12	0	6398.837619999999	0	1000
DL26S16_S	16	12	0	6168.7473	0	1000
DL26S16_SA	16	12	0	6239.7844	0	1000
DL26S16_SAN	16	12	0	6353.8273	0	1000
DL26S16_SG-or-dp26S16_NRE	16	12	0	6225.7688	0	1000
DL26S16_SG_plus44	16	12	0	6269.79502	0	1000
DL26S17	17	12	0	6161.6721	0	1000
DL26S17_EGS	17	12	0	6434.7682	0	1000
DL26S17_EGS_plus44	17	12	0	6478.79442	0	1000
DL26S17_S	17	12	0	6248.7041	0	1000
DL26S17_SA	17	12	0	6319.7412	0	1000
DL26S17_SAN	17	12	0	6433.7841	0	1000
DL26S17_SG-or-dp26S17_NRE	17	12	0	6305.7256	0	1000
DL26S17_SG_plus44	17	12	0	6349.7518199999995	0	1000
DL26S18	18	12	0	6241.6289	0	1000
DL26S18_EGS	18	12	0	6514.725	0	1000
DL26S18_EGS_plus44	18	12	0	6558.75122	0	1000
DL26S18_S	18	12	0	6328.6609	0	1000
DL26S18_SA	18	12	0	6399.698	0	1000
DL26S18_SAN	18	12	0	6513.7409	0	1000
DL26S18_SG-or-dp26S18_NRE	18	12	0	6385.6824	0	1000
DL26S18_SG_plus44	18	12	0	6429.708619999999	0	1000
DL26S1_EGS	1	12	0	5155.4594	0	1000
DL26S1_EGS_plus44	1	12	0	5199.4856199999995	0	1000
DL26S1_S	1	12	0	4969.3953	0	1000
DL26S1_SA	1	12	0	5040.4324	0	1000
DL26S1_SAN	1	12	0	5154.4753	0	1000
DL26S1_SG-or-dp26S1_NRE	1	12	0	5026.4168	0	1000
DL26S1_SG_plus44	1	12	0	5070.44302	0	1000
DL26S2	2	12	0	4962.3201	0	1000
DL26S2_EGS	2	12	0	5235.4162	0	1000
DL26S2_EGS_plus44	2	12	0	5279.442419999999	0	1000
DL26S2_S	2	12	0	5049.3521	0	1000
DL26S2_SA	2	12	0	5120.3892	0	1000
DL26S2_SAN	2	12	0	5234.4321	0	1000
DL26S2_SG-or-dp26S2_NRE	2	12	0	5106.3736	0	1000
DL26S2_SG_plus44	2	12	0	5150.39982	0	1000
DL26S3	3	12	0	5042.2769	0	1000
DL26S3_EGS	3	12	0	5315.373	0	1000
DL26S3_EGS_plus44	3	12	0	5359.399219999999	0	1000
DL26S3_S	3	12	0	5129.3089	0	1000
DL26S3_SA	3	12	0	5200.346	0	1000
DL26S3_SAN	3	12	0	5314.3889	0	1000
DL26S3_SG-or-dp26S3_NRE	3	12	0	5186.3304	0	1000
DL26S3_SG_plus44	3	12	0	5230.35662	0	1000
DL26S4	4	12	0	5122.2337	0	1000
DL26S4_EGS	4	12	0	5395.3298	0	1000
DL26S4_EGS_plus44	4	12	0	5439.35602	0	1000
DL26S4_S	4	12	0	5209.2657	0	1000
DL26S4_SA	4	12	0	5280.3028	0	1000
DL26S4_SAN	4	12	0	5394.3457	0	1000
DL26S4_SG-or-dp26S4_NRE	4	12	0	5266.2872	0	1000
DL26S4_SG_plus44	4	12	0	5310.3134199999995	0	1000
DL26S5	5	12	0	5202.1905	0	1000
DL26S5_EGS	5	12	0	5475.2866	0	1000
DL26S5_EGS_plus44	5	12	0	5519.31282	0	1000
DL26S5_S	5	12	0	5289.2225	0	1000
DL26S5_SA	5	12	0	5360.2596	0	1000
DL26S5_SAN	5	12	0	5474.3025	0	1000
DL26S5_SG-or-dp26S5_NRE	5	12	0	5346.244	0	1000
DL26S5_SG_plus44	5	12	0	5390.270219999999	0	1000
DL26S6	6	12	0	5282.1473	0	1000
DL26S6_EGS	6	12	0	5555.2434	0	1000
DL26S6_EGS_plus44	6	12	0	5599.26962	0	1000
DL26S6_S	6	12	0	5369.1793	0	1000
DL26S6_SA	6	12	0	5440.2164	0	1000
DL26S6_SAN	6	12	0	5554.2593	0	1000
DL26S6_SG-or-dp26S6_NRE	6	12	0	5426.2008	0	1000
DL26S6_SG_plus44	6	12	0	5470.227019999999	0	1000
DL26S7	7	12	0	5362.1041	0	1000
DL26S7_EGS	7	12	0	5635.2002	0	1000
DL26S7_EGS_plus44	7	12	0	5679.22642	0	1000
DL26S7_S	7	12	0	5449.1361	0	1000
DL26S7_SA	7	12	0	5520.1732	0	1000
DL26S7_SAN	7	12	0	5634.2161	0	1000
DL26S7_SG-or-dp26S7_NRE	7	12	0	5506.1576	0	1000
DL26S7_SG_plus44	7	12	0	5550.183819999999	0	1000
DL26S8	8	12	0	5442.0609	0	1000
DL26S8_EGS	8	12	0	5715.157	0	1000
DL26S8_EGS_plus44	8	12	0	5759.18322	0	1000
DL26S8_S	8	12	0	5529.0929	0	1000
DL26S8_SA	8	12	0	5600.13	0	1000
DL26S8_SAN	8	12	0	5714.1729	0	1000
DL26S8_SG-or-dp26S8_NRE	8	12	0	5586.1144	0	1000
DL26S8_SG_plus44	8	12	0	5630.14062	0	1000
DL26S9	9	12	0	5522.0177	0	1000
DL26S9_EGS	9	12	0	5795.1138	0	1000
DL26S9_EGS_plus44	9	12	0	5839.14002	0	1000
DL26S9_S	9	12	0	5609.0497	0	1000
DL26S9_SA	9	12	0	5680.0868	0	1000
DL26S9_SAN	9	12	0	5794.1297	0	1000
DL26S9_SG-or-dp26S9_NRE	9	12	0	5666.0712	0	1000
DL26S9_SG_plus44	9	12	0	5710.09742	0	1000
DL3S0	0	1	0	470.1272	0	1000
DL3S0_EGS	0	1	0	743.2233	0	1000
DL3S0_EGS_plus44	0	1	0	787.24952	0	1000
DL3S0_S	0	1	0	557.1592	0	1000
DL3S0_SA	0	1	0	628.1963	0	1000
DL3S0_SAN	0	1	0	742.2392	0	1000
DL3S0_SG	0	1	0	614.1807	0	1000
DL3S0_SG_plus44	0	1	0	658.20692	0	1000
DL3S1	1	1	0	550.084	0	1000
DL3S1_EGS	1	1	0	823.1801	0	1000
DL3S1_EGS_plus44	1	1	0	867.20632	0	1000
DL3S1_S	1	1	0	637.116	0	1000
DL3S1_SA	1	1	0	708.1531	0	1000
DL3S1_SAN	1	1	0	822.196	0	1000
DL3S1_SG	1	1	0	694.1375	0	1000
DL3S1_SG_plus44	1	1	0	738.16372	0	1000
DL4S0	0	1	0	632.18	0	1000
DL4S0SA1	0	1	1	923.2754	0	1000
DL4S0SA1_EEGS	0	1	1	1325.4141	0	1000
DL4S0SA1_EEGS_plus44	0	1	1	1369.44032	0	1000
DL4S0SA1_EGS	0	1	1	1196.3715	0	1000
DL4S0SA1_EGS_plus44	0	1	1	1240.39772	0	1000
DL4S0SA1_S	0	1	1	1010.3074	0	1000
DL4S0SA1_SA	0	1	1	1081.3445	0	1000
DL4S0SA1_SAN	0	1	1	1195.3874	0	1000
DL4S0SA1_SG	0	1	1	1067.3289	0	1000
DL4S0SA1_SG_plus44	0	1	1	1111.35512	0	1000
DL4S0_EEGS	0	1	0	1034.3187	0	1000
DL4S0_EEGS_plus44	0	1	0	1078.34492	0	1000
DL4S0_EGS	0	1	0	905.2761	0	1000
DL4S0_EGS_plus44	0	1	0	949.30232	0	1000
DL4S0_S	0	1	0	719.212	0	1000
DL4S0_SA	0	1	0	790.2491	0	1000
DL4S0_SAN	0	1	0	904.292	0	1000
DL4S0_SG-or-dp4S0_NRE	0	1	0	776.2335	0	1000
DL4S0_SG_plus44	0	1	0	820.25972	0	1000
DL4S1	1	1	0	712.1368	0	1000
DL4S1SA1	1	1	1	1003.2322	0	1000
DL4S1SA1_EEGS	1	1	1	1405.3709	0	1000
DL4S1SA1_EEGS_plus44	1	1	1	1449.3971199999999	0	1000
DL4S1SA1_EGS	1	1	1	1276.3283	0	1000
DL4S1SA1_EGS_plus44	1	1	1	1320.3545199999999	0	1000
DL4S1SA1_S	1	1	1	1090.2642	0	1000
DL4S1SA1_SA	1	1	1	1161.3013	0	1000
DL4S1SA1_SAN	1	1	1	1275.3442	0	1000
DL4S1SA1_SG	1	1	1	1147.2857	0	1000
DL4S1SA1_SG_plus44	1	1	1	1191.3119199999999	0	1000
DL4S1_EEGS	1	1	0	1114.2755	0	1000
DL4S1_EEGS_plus44	1	1	0	1158.30172	0	1000
DL4S1_EGS	1	1	0	985.2329	0	1000
DL4S1_EGS_plus44	1	1	0	1029.25912	0	1000
DL4S1_S	1	1	0	799.1688	0	1000
DL4S1_SA	1	1	0	870.2059	0	1000
DL4S1_SAN	1	1	0	984.2488	0	1000
DL4S1_SG-or-dp4S1_NRE	1	1	0	856.1903	0	1000
DL4S1_SG_plus44	1	1	0	900.21652	0	1000
DL4S2	2	1	0	792.0936	0	1000
DL4S2_EEGS	2	1	0	1194.2323	0	1000
DL4S2_EEGS_plus44	2	1	0	1238.2585199999999	0	1000
DL4S2_EGS	2	1	0	1065.1897	0	1000
DL4S2_EGS_plus44	2	1	0	1109.2159199999999	0	1000
DL4S2_S	2	1	0	879.1256	0	1000
DL4S2_SA	2	1	0	950.1627	0	1000
DL4S2_SAN	2	1	0	1064.2056	0	1000
DL4S2_SG-or-dp4S2_NRE	2	1	0	936.1471	0	1000
DL4S2_SG_plus44	2	1	0	980.17332	0	1000
DL5S0	0	2	0	849.2387	0	1000
DL5S0_EGS	0	2	0	1122.3348	0	1000
DL5S0_EGS_plus44	0	2	0	1166.36102	0	1000
DL5S0_S	0	2	0	936.2707	0	1000
DL5S0_SA	0	2	0	1007.3078	0	1000
DL5S0_SAN	0	2	0	1121.3507	0	1000
DL5S0_SG	0	2	0	993.2922	0	1000
DL5S0_SG_plus44	0	2	0	1037.31842	0	1000
DL5S1	1	2	0	929.1955	0	1000
DL5S1_EGS	1	2	0	1202.2916	0	1000
DL5S1_EGS_plus44	1	2	0	1246.31782	0	1000
DL5S1_S	1	2	0	1016.2275	0	1000
DL5S1_SA	1	2	0	1087.2646	0	1000
DL5S1_SAN	1	2	0	1201.3075	0	1000
DL5S1_SG	1	2	0	1073.249	0	1000
DL5S1_SG_plus44	1	2	0	1117.27522	0	1000
DL5S2	2	2	0	1009.1523	0	1000
DL5S2_EGS	2	2	0	1282.2484	0	1000
DL5S2_EGS_plus44	2	2	0	1326.27462	0	1000
DL5S2_S	2	2	0	1096.1843	0	1000
DL5S2_SA	2	2	0	1167.2214	0	1000
DL5S2_SAN	2	2	0	1281.2643	0	1000
DL5S2_SG	2	2	0	1153.2058	0	1000
DL5S2_SG_plus44	2	2	0	1197.23202	0	1000
DL6S0	0	2	0	1011.2915	0	1000
DL6S0SA1	0	2	1	1302.3869	0	1000
DL6S0SA1_EGS	0	2	1	1575.483	0	1000
DL6S0SA1_EGS_plus44	0	2	1	1619.50922	0	1000
DL6S0SA1_S	0	2	1	1389.4189	0	1000
DL6S0SA1_SA	0	2	1	1460.456	0	1000
DL6S0SA1_SAN	0	2	1	1574.4989	0	1000
DL6S0SA1_SG	0	2	1	1446.4404	0	1000
DL6S0SA1_SG_plus44	0	2	1	1490.46662	0	1000
DL6S0_EGS	0	2	0	1284.3876	0	1000
DL6S0_EGS_plus44	0	2	0	1328.41382	0	1000
DL6S0_S	0	2	0	1098.3235	0	1000
DL6S0_SA	0	2	0	1169.3606	0	1000
DL6S0_SAN	0	2	0	1283.4035	0	1000
DL6S0_SG-or-dp6S0_NRE	0	2	0	1155.345	0	1000
DL6S0_SG_plus44	0	2	0	1199.37122	0	1000
DL6S1	1	2	0	1091.2483	0	1000
DL6S1SA1	1	2	1	1382.3437	0	1000
DL6S1SA1_EGS	1	2	1	1655.4398	0	1000
DL6S1SA1_EGS_plus44	1	2	1	1699.46602	0	1000
DL6S1SA1_S	1	2	1	1469.3757	0	1000
DL6S1SA1_SA	1	2	1	1540.4128	0	1000
DL6S1SA1_SAN	1	2	1	1654.4557	0	1000
DL6S1SA1_SG	1	2	1	1526.3972	0	1000
DL6S1SA1_SG_plus44	1	2	1	1570.42342	0	1000
DL6S1_EGS	1	2	0	1364.3444	0	1000
DL6S1_EGS_plus44	1	2	0	1408.37062	0	1000
DL6S1_S	1	2	0	1178.2803	0	1000
DL6S1_SA	1	2	0	1249.3174	0	1000
DL6S1_SAN	1	2	0	1363.3603	0	1000
DL6S1_SG-or-dp6S1_NRE	1	2	0	1235.3018	0	1000
DL6S1_SG_plus44	1	2	0	1279.32802	0	1000
DL6S2	2	2	0	1171.2051	0	1000
DL6S2SA1	2	2	1	1462.3005	0	1000
DL6S2SA1_EGS	2	2	1	1735.3966	0	1000
DL6S2SA1_EGS_plus44	2	2	1	1779.42282	0	1000
DL6S2SA1_S	2	2	1	1549.3325	0	1000
DL6S2SA1_SA	2	2	1	1620.3696	0	1000
DL6S2SA1_SAN	2	2	1	1734.4125	0	1000
DL6S2SA1_SG	2	2	1	1606.354	0	1000
DL6S2SA1_SG_plus44	2	2	1	1650.38022	0	1000
DL6S2_EGS	2	2	0	1444.3012	0	1000
DL6S2_EGS_plus44	2	2	0	1488.32742	0	1000
DL6S2_S	2	2	0	1258.2371	0	1000
DL6S2_SA	2	2	0	1329.2742	0	1000
DL6S2_SAN	2	2	0	1443.3171	0	1000
DL6S2_SG-or-dp6S2_NRE	2	2	0	1315.2586	0	1000
DL6S2_SG_plus44	2	2	0	1359.2848199999999	0	1000
DL6S3	3	2	0	1251.1619	0	1000
DL6S3_EGS	3	2	0	1524.258	0	1000
DL6S3_EGS_plus44	3	2	0	1568.28422	0	1000
DL6S3_S	3	2	0	1338.1939	0	1000
DL6S3_SA	3	2	0	1409.231	0	1000
DL6S3_SAN	3	2	0	1523.2739	0	1000
DL6S3_SG-or-dp6S3_NRE	3	2	0	1395.2154	0	1000
DL6S3_SG_plus44	3	2	0	1439.24162	0	1000
DL6S4	4	2	0	1331.1187	0	1000
DL6S4_EGS	4	2	0	1604.2148	0	1000
DL6S4_EGS_plus44	4	2	0	1648.24102	0	1000
DL6S4_S	4	2	0	1418.1507	0	1000
DL6S4_SA	4	2	0	1489.1878	0	1000
DL6S4_SAN	4	2	0	1603.2307	0	1000
DL6S4_SG-or-dp6S4_NRE	4	2	0	1475.1722	0	1000
DL6S4_SG_plus44	4	2	0	1519.19842	0	1000
DL8S0	0	3	0	1390.403	0	1000
DL8S0SA1	0	3	1	1681.4984	0	1000
DL8S0SA1_EGS	0	3	1	1954.5945	0	1000
DL8S0SA1_EGS_plus44	0	3	1	1998.62072	0	1000
DL8S0SA1_S	0	3	1	1768.5304	0	1000
DL8S0SA1_SA	0	3	1	1839.5675	0	1000
DL8S0SA1_SAN	0	3	1	1953.6104	0	1000
DL8S0SA1_SG	0	3	1	1825.5519	0	1000
DL8S0SA1_SG_plus44	0	3	1	1869.57812	0	1000
DL8S0_EGS	0	3	0	1663.4991	0	1000
DL8S0_EGS_plus44	0	3	0	1707.52532	0	1000
DL8S0_S	0	3	0	1477.435	0	1000
DL8S0_SA	0	3	0	1548.4721	0	1000
DL8S0_SAN	0	3	0	1662.515	0	1000
DL8S0_SG-or-dp8S0_NRE	0	3	0	1534.4565	0	1000
DL8S0_SG_plus44	0	3	0	1578.48272	0	1000
DL8S1	1	3	0	1470.3598	0	1000
DL8S1SA1	1	3	1	1761.4552	0	1000
DL8S1SA1_EGS	1	3	1	2034.5513	0	1000
DL8S1SA1_EGS_plus44	1	3	1	2078.5775200000003	0	1000
DL8S1SA1_S	1	3	1	1848.4872	0	1000
DL8S1SA1_SA	1	3	1	1919.5243	0	1000
DL8S1SA1_SAN	1	3	1	2033.5672	0	1000
DL8S1SA1_SG	1	3	1	1905.5087	0	1000
DL8S1SA1_SG_plus44	1	3	1	1949.53492	0	1000
DL8S1_EGS	1	3	0	1743.4559	0	1000
DL8S1_EGS_plus44	1	3	0	1787.48212	0	1000
DL8S1_S	1	3	0	1557.3918	0	1000
DL8S1_SA	1	3	0	1628.4289	0	1000
DL8S1_SAN	1	3	0	1742.4718	0	1000
DL8S1_SG-or-dp8S1_NRE	1	3	0	1614.4133	0	1000
DL8S1_SG_plus44	1	3	0	1658.43952	0	1000
DL8S2	2	3	0	1550.3166	0	1000
DL8S2SA1	2	3	1	1841.412	0	1000
DL8S2SA1_EGS	2	3	1	2114.5081	0	1000
DL8S2SA1_EGS_plus44	2	3	1	2158.53432	0	1000
DL8S2SA1_S	2	3	1	1928.444	0	1000
DL8S2SA1_SA	2	3	1	1999.4811	0	1000
DL8S2SA1_SAN	2	3	1	2113.524	0	1000
DL8S2SA1_SG	2	3	1	1985.4655	0	1000
DL8S2SA1_SG_plus44	2	3	1	2029.49172	0	1000
DL8S2_EGS	2	3	0	1823.4127	0	1000
DL8S2_EGS_plus44	2	3	0	1867.43892	0	1000
DL8S2_S	2	3	0	1637.3486	0	1000
DL8S2_SA	2	3	0	1708.3857	0	1000
DL8S2_SAN	2	3	0	1822.4286	0	1000
DL8S2_SG-or-dp8S2_NRE	2	3	0	1694.3701	0	1000
DL8S2_SG_plus44	2	3	0	1738.39632	0	1000
DL8S3	3	3	0	1630.2734	0	1000
DL8S3SA1	3	3	1	1921.3688	0	1000
DL8S3SA1_EGS	3	3	1	2194.4649	0	1000
DL8S3SA1_EGS_plus44	3	3	1	2238.49112	0	1000
DL8S3SA1_S	3	3	1	2008.4008	0	1000
DL8S3SA1_SA	3	3	1	2079.4379	0	1000
DL8S3SA1_SAN	3	3	1	2193.4808	0	1000
DL8S3SA1_SG	3	3	1	2065.4223	0	1000
DL8S3SA1_SG_plus44	3	3	1	2109.4485200000004	0	1000
DL8S3_EGS	3	3	0	1903.3695	0	1000
DL8S3_EGS_plus44	3	3	0	1947.39572	0	1000
DL8S3_S	3	3	0	1717.3054	0	1000
DL8S3_SA	3	3	0	1788.3425	0	1000
DL8S3_SAN	3	3	0	1902.3854	0	1000
DL8S3_SG-or-dp8S3_NRE	3	3	0	1774.3269	0	1000
DL8S3_SG_plus44	3	3	0	1818.35312	0	1000
DL8S4	4	3	0	1710.2302	0	1000
DL8S4_EGS	4	3	0	1983.3263	0	1000
DL8S4_EGS_plus44	4	3	0	2027.35252	0	1000
DL8S4_S	4	3	0	1797.2622	0	1000
DL8S4_SA	4	3	0	1868.2993	0	1000
DL8S4_SAN	4	3	0	1982.3422	0	1000
DL8S4_SG-or-dp8S4_NRE	4	3	0	1854.2837	0	1000
DL8S4_SG_plus44	4	3	0	1898.30992	0	1000
DL8S5	5	3	0	1790.187	0	1000
DL8S5_EGS	5	3	0	2063.2831	0	1000
DL8S5_EGS_plus44	5	3	0	2107.3093200000003	0	1000
DL8S5_S	5	3	0	1877.219	0	1000
DL8S5_SA	5	3	0	1948.2561	0	1000
DL8S5_SAN	5	3	0	2062.299	0	1000
DL8S5_SG-or-dp8S5_NRE	5	3	0	1934.2405	0	1000
DL8S5_SG_plus44	5	3	0	1978.26672	0	1000
dp10S0_int	0	5	0	1895.5575	0	1000
dp10S10_NRE	10	5	0	2713.1361	0	1000
dp10S10_int	10	5	0	2695.1255	0	1000
dp10S11_NRE	11	5	0	2793.0929	0	1000
dp10S11_int	11	5	0	2775.0823	0	1000
dp10S12_NRE	12	5	0	2873.0497	0	1000
dp10S12_int	12	5	0	2855.0391	0	1000
dp10S13_NRE	13	5	0	2953.0065	0	1000
dp10S13_int	13	5	0	2934.9959	0	1000
dp10S14_NRE	14	5	0	3032.9633	0	1000
dp10S14_int	14	5	0	3014.9527	0	1000
dp10S15_NRE	15	5	0	3112.9201	0	1000
dp10S15_int	15	5	0	3094.9095	0	1000
dp10S1_int	1	5	0	1975.5143	0	1000
dp10S2_int	2	5	0	2055.4711	0	1000
dp10S3_int	3	5	0	2135.4279	0	1000
dp10S4_int	4	5	0	2215.3847	0	1000
dp10S5_int	5	5	0	2295.3415	0	1000
dp10S6_int	6	5	0	2375.2983	0	1000
dp10S7_NRE	7	5	0	2473.2657	0	1000
dp10S7_int	7	5	0	2455.2551	0	1000
dp10S8_NRE	8	5	0	2553.2225	0	1000
dp10S8_int	8	5	0	2535.2119	0	1000
dp10S9_NRE	9	5	0	2633.1793	0	1000
dp10S9_int	9	5	0	2615.1687	0	1000
dp11S0_NRE	0	5	0	2116.6475	0	1000
dp11S10_NRE	10	5	0	2916.2155	0	1000
dp11S11_NRE	11	5	0	2996.1723	0	1000
dp11S12_NRE	12	5	0	3076.1291	0	1000
dp11S13_NRE	13	5	0	3156.0859	0	1000
dp11S14_NRE	14	5	0	3236.0427	0	1000
dp11S15_NRE	15	5	0	3315.9995	0	1000
dp11S1_NRE	1	5	0	2196.6043	0	1000
dp11S2_NRE	2	5	0	2276.5611	0	1000
dp11S3_NRE	3	5	0	2356.5179	0	1000
dp11S4_NRE	4	5	0	2436.4747	0	1000
dp11S5_NRE	5	5	0	2516.4315	0	1000
dp11S6_NRE	6	5	0	2596.3883	0	1000
dp11S7_NRE	7	5	0	2676.3451	0	1000
dp11S8_NRE	8	5	0	2756.3019	0	1000
dp11S9_NRE	9	5	0	2836.2587	0	1000
dp12S0_int	0	6	0	2274.669	0	1000
dp12S10_NRE	10	6	0	3092.2476	0	1000
dp12S10_int	10	6	0	3074.237	0	1000
dp12S11_NRE	11	6	0	3172.2044	0	1000
dp12S11_int	11	6	0	3154.1938	0	1000
dp12S12_NRE	12	6	0	3252.1612	0	1000
dp12S12_int	12	6	0	3234.1506	0	1000
dp12S13_NRE	13	6	0	3332.118	0	1000
dp12S13_int	13	6	0	3314.1074	0	1000
dp12S14_NRE	14	6	0	3412.0748	0	1000
dp12S14_int	14	6	0	3394.0642	0	1000
dp12S15_NRE	15	6	0	3492.0316	0	1000
dp12S15_int	15	6	0	3474.021	0	1000
dp12S1_int	1	6	0	2354.6258	0	1000
dp12S2_int	2	6	0	2434.5826	0	1000
dp12S3_int	3	6	0	2514.5394	0	1000
dp12S4_int	4	6	0	2594.4962	0	1000
dp12S5_int	5	6	0	2674.453	0	1000
dp12S6_int	6	6	0	2754.4098	0	1000
dp12S7_int	7	6	0	2834.3666	0	1000
dp12S8_int	8	6	0	2914.3234	0	1000
dp12S9_NRE	9	6	0	3012.2908	0	1000
dp12S9_int	9	6	0	2994.2802	0	1000
dp13S0_NRE	0	6	0	2495.759	0	1000
dp13S10_NRE	10	6	0	3295.327	0	1000
dp13S11_NRE	11	6	0	3375.2838	0	1000
dp13S12_NRE	12	6	0	3455.2406	0	1000
dp13S13_NRE	13	6	0	3535.1974	0	1000
dp13S14_NRE	14	6	0	3615.1542	0	1000
dp13S15_NRE	15	6	0	3695.111	0	1000
dp13S1_NRE	1	6	0	2575.7158	0	1000
dp13S2_NRE	2	6	0	2655.6726	0	1000
dp13S3_NRE	3	6	0	2735.6294	0	1000
dp13S4_NRE	4	6	0	2815.5862	0	1000
dp13S5_NRE	5	6	0	2895.543	0	1000
dp13S6_NRE	6	6	0	2975.4998	0	1000
dp13S7_NRE	7	6	0	3055.4566	0	1000
dp13S8_NRE	8	6	0	3135.4134	0	1000
dp13S9_NRE	9	6	0	3215.3702	0	1000
dp14S0_int	0	7	0	2653.7805	0	1000
dp14S10_int	10	7	0	3453.3485	0	1000
dp14S11_NRE	11	7	0	3551.3159	0	1000
dp14S11_int	11	7	0	3533.3053	0	1000
dp14S12_NRE	12	7	0	3631.2727	0	1000
dp14S12_int	12	7	0	3613.2621	0	1000
dp14S13_NRE	13	7	0	3711.2295	0	1000
dp14S13_int	13	7	0	3693.2189	0	1000
dp14S14_NRE	14	7	0	3791.1863	0	1000
dp14S14_int	14	7	0	3773.1757	0	1000
dp14S1_int	1	7	0	2733.7373	0	1000
dp14S2_int	2	7	0	2813.6941	0	1000
dp14S3_int	3	7	0	2893.6509	0	1000
dp14S4_int	4	7	0	2973.6077	0	1000
dp14S5_int	5	7	0	3053.5645	0	1000
dp14S6_int	6	7	0	3133.5213	0	1000
dp14S7_int	7	7	0	3213.4781	0	1000
dp14S8_int	8	7	0	3293.4349	0	1000
dp14S9_int	9	7	0	3373.3917	0	1000
dp15S0_NRE	0	7	0	2874.8705	0	1000
dp15S10_NRE	10	7	0	3674.4385	0	1000
dp15S11_NRE	11	7	0	3754.3953	0	1000
dp15S12_NRE	12	7	0	3834.3521	0	1000
dp15S13_NRE	13	7	0	3914.3089	0	1000
dp15S14_NRE	14	7	0	3994.2657	0	1000
dp15S1_NRE	1	7	0	2954.8273	0	1000
dp15S2_NRE	2	7	0	3034.7841	0	1000
dp15S3_NRE	3	7	0	3114.7409	0	1000
dp15S4_NRE	4	7	0	3194.6977	0	1000
dp15S5_NRE	5	7	0	3274.6545	0	1000
dp15S6_NRE	6	7	0	3354.6113	0	1000
dp15S7_NRE	7	7	0	3434.5681	0	1000
dp15S8_NRE	8	7	0	3514.5249	0	1000
dp15S9_NRE	9	7	0	3594.4817	0	1000
dp16S0_int	0	8	0	3032.892	0	1000
dp16S10_int	10	8	0	3832.46	0	1000
dp16S11_int	11	8	0	3912.4168	0	1000
dp16S12_int	12	8	0	3992.3736	0	1000
dp16S13_NRE	13	8	0	4090.341	0	1000
dp16S13_int	13	8	0	4072.3304	0	1000
dp16S14_NRE	14	8	0	4170.2978	0	1000
dp16S14_int	14	8	0	4152.2872	0	1000
dp16S15_NRE	15	8	0	4250.2546	0	1000
dp16S15_int	15	8	0	4232.244	0	1000
dp16S16_NRE	16	8	0	4330.2114	0	1000
dp16S16_int	16	8	0	4312.2008	0	1000
dp16S1_int	1	8	0	3112.8488	0	1000
dp16S2_int	2	8	0	3192.8056	0	1000
dp16S3_int	3	8	0	3272.7624	0	1000
dp16S4_int	4	8	0	3352.7192	0	1000
dp16S5_int	5	8	0	3432.676	0	1000
dp16S6_int	6	8	0	3512.6328	0	1000
dp16S7_int	7	8	0	3592.5896	0	1000
dp16S8_int	8	8	0	3672.5464	0	1000
dp16S9_int	9	8	0	3752.5032	0	1000
dp17S0_NRE	0	8	0	3253.982	0	1000
dp17S10_NRE	10	8	0	4053.55	0	1000
dp17S11_NRE	11	8	0	4133.5068	0	1000
dp17S12_NRE	12	8	0	4213.4636	0	1000
dp17S13_NRE	13	8	0	4293.4204	0	1000
dp17S14_NRE	14	8	0	4373.3772	0	1000
dp17S15_NRE	15	8	0	4453.334	0	1000
dp17S16_NRE	16	8	0	4533.2908	0	1000
dp17S1_NRE	1	8	0	3333.9388	0	1000
dp17S2_NRE	2	8	0	3413.8956	0	1000
dp17S3_NRE	3	8	0	3493.8524	0	1000
dp17S4_NRE	4	8	0	3573.8092	0	1000
dp17S5_NRE	5	8	0	3653.766	0	1000
dp17S6_NRE	6	8	0	3733.7228	0	1000
dp17S7_NRE	7	8	0	3813.6796	0	1000
dp17S8_NRE	8	8	0	3893.6364	0	1000
dp17S9_NRE	9	8	0	3973.5932	0	1000
dp18S0_int	0	9	0	3412.0035	0	1000
dp18S10_int	10	9	0	4211.5715	0	1000
dp18S11_int	11	9	0	4291.5283	0	1000
dp18S12_int	12	9	0	4371.4851	0	1000
dp18S13_int	13	9	0	4451.4419	0	1000
dp18S14_int	14	9	0	4531.3987	0	1000
dp18S15_NRE	15	9	0	4629.3661	0	1000
dp18S15_int	15	9	0	4611.3555	0	1000
dp18S16_NRE	16	9	0	4709.3229	0	1000
dp18S16_int	16	9	0	4691.3123	0	1000
dp18S17_NRE	17	9	0	4789.2797	0	1000
dp18S17_int	17	9	0	4771.2691	0	1000
dp18S18_NRE	18	9	0	4869.2365	0	1000
dp18S18_int	18	9	0	4851.2259	0	1000
dp18S1_int	1	9	0	3491.9603	0	1000
dp18S2_int	2	9	0	3571.9171	0	1000
dp18S3_int	3	9	0	3651.8739	0	1000
dp18S4_int	4	9	0	3731.8307	0	1000
dp18S5_int	5	9	0	3811.7875	0	1000
dp18S6_int	6	9	0	3891.7443	0	1000
dp18S7_int	7	9	0	3971.7011	0	1000
dp18S8_int	8	9	0	4051.6579	0	1000
dp18S9_int	9	9	0	4131.6147	0	1000
dp19S0_NRE	0	9	0	3633.0935	0	1000
dp19S10_NRE	10	9	0	4432.6615	0	1000
dp19S11_NRE	11	9	0	4512.6183	0	1000
dp19S12_NRE	12	9	0	4592.5751	0	1000
dp19S13_NRE	13	9	0	4672.5319	0	1000
dp19S14_NRE	14	9	0	4752.4887	0	1000
dp19S15_NRE	15	9	0	4832.4455	0	1000
dp19S16_NRE	16	9	0	4912.4023	0	1000
dp19S17_NRE	17	9	0	4992.3591	0	1000
dp19S18_NRE	18	9	0	5072.3159	0	1000
dp19S1_NRE	1	9	0	3713.0503	0	1000
dp19S2_NRE	2	9	0	3793.0071	0	1000
dp19S3_NRE	3	9	0	3872.9639	0	1000
dp19S4_NRE	4	9	0	3952.9207	0	1000
dp19S5_NRE	5	9	0	4032.8775	0	1000
dp19S6_NRE	6	9	0	4112.8343	0	1000
dp19S7_NRE	7	9	0	4192.7911	0	1000
dp19S8_NRE	8	9	0	4272.7479	0	1000
dp19S9_NRE	9	9	0	4352.7047	0	1000
dp1S0_NRE	0	0	0	221.09	0	1000
dp1S1_NRE	1	0	0	301.0468	0	1000
dp1S2_NRE	2	0	0	381.0036	0	1000
dp20S0_int	0	10	0	3791.115	0	1000
dp20S10_int	10	10	0	4590.683	0	1000
dp20S11_int	11	10	0	4670.6398	0	1000
dp20S12_int	12	10	0	4750.5966	0	1000
dp20S13_int	13	10	0	4830.5534	0	1000
dp20S14_int	14	10	0	4910.5102	0	1000
dp20S15_int	15	10	0	4990.467	0	1000
dp20S16_NRE	16	10	0	5088.4344	0	1000
dp20S16_int	16	10	0	5070.4238	0	1000
dp20S17_NRE	17	10	0	5168.3912	0	1000
dp20S17_int	17	10	0	5150.3806	0	1000
dp20S18_NRE	18	10	0	5248.348	0	1000
dp20S18_int	18	10	0	5230.3374	0	1000
dp20S19_NRE	19	10	0	5328.3048	0	1000
dp20S19_int	19	10	0	5310.2942	0	1000
dp20S1_int	1	10	0	3871.0718	0	1000
dp20S20_NRE	20	10	0	5408.2616	0	1000
dp20S20_int	20	10	0	5390.251	0	1000
dp20S2_int	2	10	0	3951.0286	0	1000
dp20S3_int	3	10	0	4030.9854	0	1000
dp20S4_int	4	10	0	4110.9422	0	1000
dp20S5_int	5	10	0	4190.899	0	1000
dp20S6_int	6	10	0	4270.8558	0	1000
dp20S7_int	7	10	0	4350.8126	0	1000
dp20S8_int	8	10	0	4430.7694	0	1000
dp20S9_int	9	10	0	4510.7262	0	1000
dp21S0_NRE	0	10	0	4012.205	0	1000
dp21S10_NRE	10	10	0	4811.773	0	1000
dp21S11_NRE	11	10	0	4891.7298	0	1000
dp21S12_NRE	12	10	0	4971.6866	0	1000
dp21S13_NRE	13	10	0	5051.6434	0	1000
dp21S14_NRE	14	10	0	5131.6002	0	1000
dp21S15_NRE	15	10	0	5211.557	0	1000
dp21S16_NRE	16	10	0	5291.5138	0	1000
dp21S17_NRE	17	10	0	5371.4706	0	1000
dp21S18_NRE	18	10	0	5451.4274	0	1000
dp21S19_NRE	19	10	0	5531.3842	0	1000
dp21S1_NRE	1	10	0	4092.1618	0	1000
dp21S20_NRE	20	10	0	5611.341	0	1000
dp21S2_NRE	2	10	0	4172.1186	0	1000
dp21S3_NRE	3	10	0	4252.0754	0	1000
dp21S4_NRE	4	10	0	4332.0322	0	1000
dp21S5_NRE	5	10	0	4411.989	0	1000
dp21S6_NRE	6	10	0	4491.9458	0	1000
dp21S7_NRE	7	10	0	4571.9026	0	1000
dp21S8_NRE	8	10	0	4651.8594	0	1000
dp21S9_NRE	9	10	0	4731.8162	0	1000
dp22S0_int	0	11	0	4170.2265	0	1000
dp22S10_int	10	11	0	4969.7945	0	1000
dp22S11_int	11	11	0	5049.7513	0	1000
dp22S12_int	12	11	0	5129.7081	0	1000
dp22S13_int	13	11	0	5209.6649	0	1000
dp22S14_int	14	11	0	5289.6217	0	1000
dp22S15_int	15	11	0	5369.5785	0	1000
dp22S16_int	16	11	0	5449.5353	0	1000
dp22S17_NRE	17	11	0	5547.5027	0	1000
dp22S17_int	17	11	0	5529.4921	0	1000
dp22S18_NRE	18	11	0	5627.4595	0	1000
dp22S18_int	18	11	0	5609.4489	0	1000
dp22S19_NRE	19	11	0	5707.4163	0	1000
dp22S19_int	19	11	0	5689.4057	0	1000
dp22S1_int	1	11	0	4250.1833	0	1000
dp22S20_NRE	20	11	0	5787.3731	0	1000
dp22S20_int	20	11	0	5769.3625	0	1000
dp22S21_NRE	21	11	0	5867.3299	0	1000
dp22S21_int	21	11	0	5849.3193	0	1000
dp22S22_NRE	22	11	0	5947.2867	0	1000
dp22S22_int	22	11	0	5929.2761	0	1000
dp22S2_int	2	11	0	4330.1401	0	1000
dp22S3_int	3	11	0	4410.0969	0	1000
dp22S4_int	4	11	0	4490.0537	0	1000
dp22S5_int	5	11	0	4570.0105	0	1000
dp22S6_int	6	11	0	4649.9673	0	1000
dp22S7_int	7	11	0	4729.9241	0	1000
dp22S8_int	8	11	0	4809.8809	0	1000
dp22S9_int	9	11	0	4889.8377	0	1000
dp23S0_NRE	0	11	0	4391.3165	0	1000
dp23S10_NRE	10	11	0	5190.8845	0	1000
dp23S11_NRE	11	11	0	5270.8413	0	1000
dp23S12_NRE	12	11	0	5350.7981	0	1000
dp23S13_NRE	13	11	0	5430.7549	0	1000
dp23S14_NRE	14	11	0	5510.7117	0	1000
dp23S15_NRE	15	11	0	5590.6685	0	1000
dp23S16_NRE	16	11	0	5670.6253	0	1000
dp23S17_NRE	17	11	0	5750.5821	0	1000
dp23S18_NRE	18	11	0	5830.5389	0	1000
dp23S19_NRE	19	11	0	5910.4957	0	1000
dp23S1_NRE	1	11	0	4471.2733	0	1000
dp23S20_NRE	20	11	0	5990.4525	0	1000
dp23S21_NRE	21	11	0	6070.4093	0	1000
dp23S22_NRE	22	11	0	6150.3661	0	1000
dp23S2_NRE	2	11	0	4551.2301	0	1000
dp23S3_NRE	3	11	0	4631.1869	0	1000
dp23S4_NRE	4	11	0	4711.1437	0	1000
dp23S5_NRE	5	11	0	4791.1005	0	1000
dp23S6_NRE	6	11	0	4871.0573	0	1000
dp23S7_NRE	7	11	0	4951.0141	0	1000
dp23S8_NRE	8	11	0	5030.9709	0	1000
dp23S9_NRE	9	11	0	5110.9277	0	1000
dp24S0_int	0	12	0	4549.338	0	1000
dp24S10_int	10	12	0	5348.906	0	1000
dp24S11_int	11	12	0	5428.8628	0	1000
dp24S12_int	12	12	0	5508.8196	0	1000
dp24S13_int	13	12	0	5588.7764	0	1000
dp24S14_int	14	12	0	5668.7332	0	1000
dp24S15_int	15	12	0	5748.69	0	1000
dp24S16_int	16	12	0	5828.6468	0	1000
dp24S17_int	17	12	0	5908.6036	0	1000
dp24S18_NRE	18	12	0	6006.571	0	1000
dp24S18_int	18	12	0	5988.5604	0	1000
dp24S19_NRE	19	12	0	6086.5278	0	1000
dp24S19_int	19	12	0	6068.5172	0	1000
dp24S1_int	1	12	0	4629.2948	0	1000
dp24S20_NRE	20	12	0	6166.4846	0	1000
dp24S20_int	20	12	0	6148.474	0	1000
dp24S21_NRE	21	12	0	6246.4414	0	1000
dp24S21_int	21	12	0	6228.4308	0	1000
dp24S22_NRE	22	12	0	6326.3982	0	1000
dp24S22_int	22	12	0	6308.3876	0	1000
dp24S23_NRE	23	12	0	6406.355	0	1000
dp24S23_int	23	12	0	6388.3444	0	1000
dp24S24_NRE	24	12	0	6486.3118	0	1000
dp24S24_int	24	12	0	6468.3012	0	1000
dp24S2_int	2	12	0	4709.2516	0	1000
dp24S3_int	3	12	0	4789.2084	0	1000
dp24S4_int	4	12	0	4869.1652	0	1000
dp24S5_int	5	12	0	4949.122	0	1000
dp24S6_int	6	12	0	5029.0788	0	1000
dp24S7_int	7	12	0	5109.0356	0	1000
dp24S8_int	8	12	0	5188.9924	0	1000
dp24S9_int	9	12	0	5268.9492	0	1000
dp25S0_NRE	0	12	0	4770.428	0	1000
dp25S10_NRE	10	12	0	5569.996	0	1000
dp25S11_NRE	11	12	0	5649.9528	0	1000
dp25S12_NRE	12	12	0	5729.9096	0	1000
dp25S13_NRE	13	12	0	5809.8664	0	1000
dp25S14_NRE	14	12	0	5889.8232	0	1000
dp25S15_NRE	15	12	0	5969.78	0	1000
dp25S16_NRE	16	12	0	6049.7368	0	1000
dp25S17_NRE	17	12	0	6129.6936	0	1000
dp25S18_NRE	18	12	0	6209.6504	0	1000
dp25S19_NRE	19	12	0	6289.6072	0	1000
dp25S1_NRE	1	12	0	4850.3848	0	1000
dp25S20_NRE	20	12	0	6369.564	0	1000
dp25S21_NRE	21	12	0	6449.5208	0	1000
dp25S22_NRE	22	12	0	6529.4776	0	1000
dp25S23_NRE	23	12	0	6609.4344	0	1000
dp25S24_NRE	24	12	0	6689.3912	0	1000
dp25S2_NRE	2	12	0	4930.3416	0	1000
dp25S3_NRE	3	12	0	5010.2984	0	1000
dp25S4_NRE	4	12	0	5090.2552	0	1000
dp25S5_NRE	5	12	0	5170.212	0	1000
dp25S6_NRE	6	12	0	5250.1688	0	1000
dp25S7_NRE	7	12	0	5330.1256	0	1000
dp25S8_NRE	8	12	0	5410.0824	0	1000
dp25S9_NRE	9	12	0	5490.0392	0	1000
dp26S0_int	0	13	0	4928.4495	0	1000
dp26S10_int	10	13	0	5728.0175	0	1000
dp26S11_int	11	13	0	5807.9743	0	1000
dp26S12_int	12	13	0	5887.9311	0	1000
dp26S13_int	13	13	0	5967.8879	0	1000
dp26S14_int	14	13	0	6047.8447	0	1000
dp26S15_int	15	13	0	6127.8015	0	1000
dp26S16_int	16	13	0	6207.7583	0	1000
dp26S17_int	17	13	0	6287.7151	0	1000
dp26S18_int	18	13	0	6367.6719	0	1000
dp26S19_NRE	19	13	0	6465.6393	0	1000
dp26S19_int	19	13	0	6447.6287	0	1000
dp26S1_int	1	13	0	5008.4063	0	1000
dp26S20_NRE	20	13	0	6545.5961	0	1000
dp26S20_int	20	13	0	6527.5855	0	1000
dp26S21_NRE	21	13	0	6625.5529	0	1000
dp26S21_int	21	13	0	6607.5423	0	1000
dp26S22_NRE	22	13	0	6705.5097	0	1000
dp26S22_int	22	13	0	6687.4991	0	1000
dp26S23_NRE	23	13	0	6785.4665	0	1000
dp26S23_int	23	13	0	6767.4559	0	1000
dp26S24_NRE	24	13	0	6865.4233	0	1000
dp26S24_int	24	13	0	6847.4127	0	1000
dp26S25_NRE	25	13	0	6945.3801	0	1000
dp26S25_int	25	13	0	6927.3695	0	1000
dp26S26_NRE	26	13	0	7025.3369	0	1000
dp26S26_int	26	13	0	7007.3263	0	1000
dp26S2_int	2	13	0	5088.3631	0	1000
dp26S3_int	3	13	0	5168.3199	0	1000
dp26S4_int	4	13	0	5248.2767	0	1000
dp26S5_int	5	13	0	5328.2335	0	1000
dp26S6_int	6	13	0	5408.1903	0	1000
dp26S7_int	7	13	0	5488.1471	0	1000
dp26S8_int	8	13	0	5568.1039	0	1000
dp26S9_int	9	13	0	5648.0607	0	1000
dp27S0_NRE	0	13	0	5149.5395	0	1000
dp27S10_NRE	10	13	0	5949.1075	0	1000
dp27S11_NRE	11	13	0	6029.0643	0	1000
dp27S12_NRE	12	13	0	6109.0211	0	1000
dp27S13_NRE	13	13	0	6188.9779	0	1000
dp27S14_NRE	14	13	0	6268.9347	0	1000
dp27S15_NRE	15	13	0	6348.8915	0	1000
dp27S16_NRE	16	13	0	6428.8483	0	1000
dp27S17_NRE	17	13	0	6508.8051	0	1000
dp27S18_NRE	18	13	0	6588.7619	0	1000
dp27S19_NRE	19	13	0	6668.7187	0	1000
dp27S1_NRE	1	13	0	5229.4963	0	1000
dp27S20_NRE	20	13	0	6748.6755	0	1000
dp27S21_NRE	21	13	0	6828.6323	0	1000
dp27S22_NRE	22	13	0	6908.5891	0	1000
dp27S23_NRE	23	13	0	6988.5459	0	1000
dp27S24_NRE	24	13	0	7068.5027	0	1000
dp27S25_NRE	25	13	0	7148.4595	0	1000
dp27S26_NRE	26	13	0	7228.4163	0	1000
dp27S2_NRE	2	13	0	5309.4531	0	1000
dp27S3_NRE	3	13	0	5389.4099	0	1000
dp27S4_NRE	4	13	0	5469.3667	0	1000
dp27S5_NRE	5	13	0	5549.3235	0	1000
dp27S6_NRE	6	13	0	5629.2803	0	1000
dp27S7_NRE	7	13	0	5709.2371	0	1000
dp27S8_NRE	8	13	0	5789.1939	0	1000
dp27S9_NRE	9	13	0	5869.1507	0	1000
dp28S0_NRE	0	14	0	5325.5716	0	1000
dp28S0_int	0	14	0	5307.561	0	1000
dp28S10_NRE	10	14	0	6125.1396	0	1000
dp28S10_int	10	14	0	6107.129	0	1000
dp28S11_NRE	11	14	0	6205.0964	0	1000
dp28S11_int	11	14	0	6187.0858	0	1000
dp28S12_NRE	12	14	0	6285.0532	0	1000
dp28S12_int	12	14	0	6267.0426	0	1000
dp28S13_NRE	13	14	0	6365.01	0	1000
dp28S13_int	13	14	0	6346.9994	0	1000
dp28S14_NRE	14	14	0	6444.9668	0	1000
dp28S14_int	14	14	0	6426.9562	0	1000
dp28S15_NRE	15	14	0	6524.9236	0	1000
dp28S15_int	15	14	0	6506.913	0	1000
dp28S16_NRE	16	14	0	6604.8804	0	1000
dp28S16_int	16	14	0	6586.8698	0	1000
dp28S17_NRE	17	14	0	6684.8372	0	1000
dp28S17_int	17	14	0	6666.8266	0	1000
dp28S18_NRE	18	14	0	6764.794	0	1000
dp28S18_int	18	14	0	6746.7834	0	1000
dp28S19_NRE	19	14	0	6844.7508	0	1000
dp28S19_int	19	14	0	6826.7402	0	1000
dp28S1_NRE	1	14	0	5405.5284	0	1000
dp28S1_int	1	14	0	5387.5178	0	1000
dp28S20_NRE	20	14	0	6924.7076	0	1000
dp28S20_int	20	14	0	6906.697	0	1000
dp28S21_NRE	21	14	0	7004.6644	0	1000
dp28S21_int	21	14	0	6986.6538	0	1000
dp28S22_NRE	22	14	0	7084.6212	0	1000
dp28S22_int	22	14	0	7066.6106	0	1000
dp28S23_NRE	23	14	0	7164.578	0	1000
dp28S23_int	23	14	0	7146.5674	0	1000
dp28S24_NRE	24	14	0	7244.5348	0	1000
dp28S24_int	24	14	0	7226.5242	0	1000
dp28S25_NRE	25	14	0	7324.4916	0	1000
dp28S25_int	25	14	0	7306.481	0	1000
dp28S26_NRE	26	14	0	7404.4484	0	1000
dp28S26_int	26	14	0	7386.4378	0	1000
dp28S27_NRE	27	14	0	7484.4052	0	1000
dp28S27_int	27	14	0	7466.3946	0	1000
dp28S28_NRE	28	14	0	7564.362	0	1000
dp28S28_int	28	14	0	7546.3514	0	1000
dp28S2_NRE	2	14	0	5485.4852	0	1000
dp28S2_int	2	14	0	5467.4746	0	1000
dp28S3_NRE	3	14	0	5565.442	0	1000
dp28S3_int	3	14	0	5547.4314	0	1000
dp28S4_NRE	4	14	0	5645.3988	0	1000
dp28S4_int	4	14	0	5627.3882	0	1000
dp28S5_NRE	5	14	0	5725.3556	0	1000
dp28S5_int	5	14	0	5707.345	0	1000
dp28S6_NRE	6	14	0	5805.3124	0	1000
dp28S6_int	6	14	0	5787.3018	0	1000
dp28S7_NRE	7	14	0	5885.2692	0	1000
dp28S7_int	7	14	0	5867.2586	0	1000
dp28S8_NRE	8	14	0	5965.226	0	1000
dp28S8_int	8	14	0	5947.2154	0	1000
dp28S9_NRE	9	14	0	6045.1828	0	1000
dp28S9_int	9	14	0	6027.1722	0	1000
dp29S0_NRE	0	14	0	5528.651	0	1000
dp29S10_NRE	10	14	0	6328.219	0	1000
dp29S11_NRE	11	14	0	6408.1758	0	1000
dp29S12_NRE	12	14	0	6488.1326	0	1000
dp29S13_NRE	13	14	0	6568.0894	0	1000
dp29S14_NRE	14	14	0	6648.0462	0	1000
dp29S15_NRE	15	14	0	6728.003	0	1000
dp29S16_NRE	16	14	0	6807.9598	0	1000
dp29S17_NRE	17	14	0	6887.9166	0	1000
dp29S18_NRE	18	14	0	6967.8734	0	1000
dp29S19_NRE	19	14	0	7047.8302	0	1000
dp29S1_NRE	1	14	0	5608.6078	0	1000
dp29S20_NRE	20	14	0	7127.787	0	1000
dp29S21_NRE	21	14	0	7207.7438	0	1000
dp29S22_NRE	22	14	0	7287.7006	0	1000
dp29S23_NRE	23	14	0	7367.6574	0	1000
dp29S24_NRE	24	14	0	7447.6142	0	1000
dp29S25_NRE	25	14	0	7527.571	0	1000
dp29S26_NRE	26	14	0	7607.5278	0	1000
dp29S27_NRE	27	14	0	7687.4846	0	1000
dp29S28_NRE	28	14	0	7767.4414	0	1000
dp29S2_NRE	2	14	0	5688.5646	0	1000
dp29S3_NRE	3	14	0	5768.5214	0	1000
dp29S4_NRE	4	14	0	5848.4782	0	1000
dp29S5_NRE	5	14	0	5928.435	0	1000
dp29S6_NRE	6	14	0	6008.3918	0	1000
dp29S7_NRE	7	14	0	6088.3486	0	1000
dp29S8_NRE	8	14	0	6168.3054	0	1000
dp29S9_NRE	9	14	0	6248.2622	0	1000
dp2S0_NRE	0	1	0	397.1221	0	1000
dp2S0_int	0	1	0	379.1115	0	1000
dp2S1_NRE	1	1	0	477.0789	0	1000
dp2S1_int	1	1	0	459.0683	0	1000
dp2S2_NRE	2	1	0	557.0357	0	1000
dp2S2_int	2	1	0	539.0251	0	1000
dp2S3_NRE	3	1	0	636.9925	0	1000
dp2S3_int	3	1	0	618.9819	0	1000
dp30S0_NRE	0	15	0	5704.6831	0	1000
dp30S0_int	0	15	0	5686.6725	0	1000
dp30S10_NRE	10	15	0	6504.2511	0	1000
dp30S10_int	10	15	0	6486.2405	0	1000
dp30S11_NRE	11	15	0	6584.2079	0	1000
dp30S11_int	11	15	0	6566.1973	0	1000
dp30S12_NRE	12	15	0	6664.1647	0	1000
dp30S12_int	12	15	0	6646.1541	0	1000
dp30S13_NRE	13	15	0	6744.1215	0	1000
dp30S13_int	13	15	0	6726.1109	0	1000
dp30S14_NRE	14	15	0	6824.0783	0	1000
dp30S14_int	14	15	0	6806.0677	0	1000
dp30S15_NRE	15	15	0	6904.0351	0	1000
dp30S15_int	15	15	0	6886.0245	0	1000
dp30S16_NRE	16	15	0	6983.9919	0	1000
dp30S16_int	16	15	0	6965.9813	0	1000
dp30S17_NRE	17	15	0	7063.9487	0	1000
dp30S17_int	17	15	0	7045.9381	0	1000
dp30S18_NRE	18	15	0	7143.9055	0	1000
dp30S18_int	18	15	0	7125.8949	0	1000
dp30S19_NRE	19	15	0	7223.8623	0	1000
dp30S19_int	19	15	0	7205.8517	0	1000
dp30S1_NRE	1	15	0	5784.6399	0	1000
dp30S1_int	1	15	0	5766.6293	0	1000
dp30S20_NRE	20	15	0	7303.8191	0	1000
dp30S20_int	20	15	0	7285.8085	0	1000
dp30S21_NRE	21	15	0	7383.7759	0	1000
dp30S21_int	21	15	0	7365.7653	0	1000
dp30S22_NRE	22	15	0	7463.7327	0	1000
dp30S22_int	22	15	0	7445.7221	0	1000
dp30S23_NRE	23	15	0	7543.6895	0	1000
dp30S23_int	23	15	0	7525.6789	0	1000
dp30S24_NRE	24	15	0	7623.6463	0	1000
dp30S24_int	24	15	0	7605.6357	0	1000
dp30S25_NRE	25	15	0	7703.6031	0	1000
dp30S25_int	25	15	0	7685.5925	0	1000
dp30S26_NRE	26	15	0	7783.5599	0	1000
dp30S26_int	26	15	0	7765.5493	0	1000
dp30S27_NRE	27	15	0	7863.5167	0	1000
dp30S27_int	27	15	0	7845.5061	0	1000
dp30S28_NRE	28	15	0	7943.4735	0	1000
dp30S28_int	28	15	0	7925.4629	0	1000
dp30S29_NRE	29	15	0	8023.4303	0	1000
dp30S29_int	29	15	0	8005.4197	0	1000
dp30S2_NRE	2	15	0	5864.5967	0	1000
dp30S2_int	2	15	0	5846.5861	0	1000
dp30S30_NRE	30	15	0	8103.3871	0	1000
dp30S30_int	30	15	0	8085.3765	0	1000
dp30S3_NRE	3	15	0	5944.5535	0	1000
dp30S3_int	3	15	0	5926.5429	0	1000
dp30S4_NRE	4	15	0	6024.5103	0	1000
dp30S4_int	4	15	0	6006.4997	0	1000
dp30S5_NRE	5	15	0	6104.4671	0	1000
dp30S5_int	5	15	0	6086.4565	0	1000
dp30S6_NRE	6	15	0	6184.4239	0	1000
dp30S6_int	6	15	0	6166.4133	0	1000
dp30S7_NRE	7	15	0	6264.3807	0	1000
dp30S7_int	7	15	0	6246.3701	0	1000
dp30S8_NRE	8	15	0	6344.3375	0	1000
dp30S8_int	8	15	0	6326.3269	0	1000
dp30S9_NRE	9	15	0	6424.2943	0	1000
dp30S9_int	9	15	0	6406.2837	0	1000
dp31S0_NRE	0	15	0	5907.7625	0	1000
dp31S10_NRE	10	15	0	6707.3305	0	1000
dp31S11_NRE	11	15	0	6787.2873	0	1000
dp31S12_NRE	12	15	0	6867.2441	0	1000
dp31S13_NRE	13	15	0	6947.2009	0	1000
dp31S14_NRE	14	15	0	7027.1577	0	1000
dp31S15_NRE	15	15	0	7107.1145	0	1000
dp31S16_NRE	16	15	0	7187.0713	0	1000
dp31S17_NRE	17	15	0	7267.0281	0	1000
dp31S18_NRE	18	15	0	7346.9849	0	1000
dp31S19_NRE	19	15	0	7426.9417	0	1000
dp31S1_NRE	1	15	0	5987.7193	0	1000
dp31S20_NRE	20	15	0	7506.8985	0	1000
dp31S21_NRE	21	15	0	7586.8553	0	1000
dp31S22_NRE	22	15	0	7666.8121	0	1000
dp31S23_NRE	23	15	0	7746.7689	0	1000
dp31S24_NRE	24	15	0	7826.7257	0	1000
dp31S25_NRE	25	15	0	7906.6825	0	1000
dp31S26_NRE	26	15	0	7986.6393	0	1000
dp31S27_NRE	27	15	0	8066.5961	0	1000
dp31S28_NRE	28	15	0	8146.5529	0	1000
dp31S29_NRE	29	15	0	8226.5097	0	1000
dp31S2_NRE	2	15	0	6067.6761	0	1000
dp31S30_NRE	30	15	0	8306.4665	0	1000
dp31S3_NRE	3	15	0	6147.6329	0	1000
dp31S4_NRE	4	15	0	6227.5897	0	1000
dp31S5_NRE	5	15	0	6307.5465	0	1000
dp31S6_NRE	6	15	0	6387.5033	0	1000
dp31S7_NRE	7	15	0	6467.4601	0	1000
dp31S8_NRE	8	15	0	6547.4169	0	1000
dp31S9_NRE	9	15	0	6627.3737	0	1000
dp3S0_NRE	0	1	0	600.2015	0	1000
dp3S1_NRE	1	1	0	680.1583	0	1000
dp3S2_NRE	2	1	0	760.1151	0	1000
dp3S3_NRE	3	1	0	840.0719	0	1000
dp4S0_int	0	2	0	758.223	0	1000
dp4S1_int	1	2	0	838.1798	0	1000
dp4S2_int	2	2	0	918.1366	0	1000
dp4S3_NRE	3	2	0	1016.104	0	1000
dp4S3_int	3	2	0	998.0934	0	1000
dp4S4_NRE	4	2	0	1096.0608	0	1000
dp4S4_int	4	2	0	1078.0502	0	1000
dp4S5_NRE	5	2	0	1176.0176	0	1000
dp4S5_int	5	2	0	1158.007	0	1000
dp4S6_NRE	6	2	0	1255.9744	0	1000
dp4S6_int	6	2	0	1237.9638	0	1000
dp5S0_NRE	0	2	0	979.313	0	1000
dp5S1_NRE	1	2	0	1059.2698	0	1000
dp5S2_NRE	2	2	0	1139.2266	0	1000
dp5S3_NRE	3	2	0	1219.1834	0	1000
dp5S4_NRE	4	2	0	1299.1402	0	1000
dp5S5_NRE	5	2	0	1379.097	0	1000
dp5S6_NRE	6	2	0	1459.0538	0	1000
dp6S0_int	0	3	0	1137.3345	0	1000
dp6S1_int	1	3	0	1217.2913	0	1000
dp6S2_int	2	3	0	1297.2481	0	1000
dp6S3_int	3	3	0	1377.2049	0	1000
dp6S4_int	4	3	0	1457.1617	0	1000
dp6S5_NRE	5	3	0	1555.1291	0	1000
dp6S5_int	5	3	0	1537.1185	0	1000
dp6S6_NRE	6	3	0	1635.0859	0	1000
dp6S6_int	6	3	0	1617.0753	0	1000
dp6S7_NRE	7	3	0	1715.0427	0	1000
dp6S7_int	7	3	0	1697.0321	0	1000
dp6S8_NRE	8	3	0	1794.9995	0	1000
dp6S8_int	8	3	0	1776.9889	0	1000
dp6S9_NRE	9	3	0	1874.9563	0	1000
dp6S9_int	9	3	0	1856.9457	0	1000
dp7S0_NRE	0	3	0	1358.4245	0	1000
dp7S1_NRE	1	3	0	1438.3813	0	1000
dp7S2_NRE	2	3	0	1518.3381	0	1000
dp7S3_NRE	3	3	0	1598.2949	0	1000
dp7S4_NRE	4	3	0	1678.2517	0	1000
dp7S5_NRE	5	3	0	1758.2085	0	1000
dp7S6_NRE	6	3	0	1838.1653	0	1000
dp7S7_NRE	7	3	0	1918.1221	0	1000
dp7S8_NRE	8	3	0	1998.0789	0	1000
dp7S9_NRE	9	3	0	2078.0357	0	1000
dp8S0_int	0	4	0	1516.446	0	1000
dp8S10_NRE	10	4	0	2334.0246	0	1000
dp8S10_int	10	4	0	2316.014	0	1000
dp8S11_NRE	11	4	0	2413.9814	0	1000
dp8S11_int	11	4	0	2395.9708	0	1000
dp8S12_NRE	12	4	0	2493.9382	0	1000
dp8S12_int	12	4	0	2475.9276	0	1000
dp8S1_int	1	4	0	1596.4028	0	1000
dp8S2_int	2	4	0	1676.3596	0	1000
dp8S3_int	3	4	0	1756.3164	0	1000
dp8S4_int	4	4	0	1836.2732	0	1000
dp8S5_int	5	4	0	1916.23	0	1000
dp8S6_NRE	6	4	0	2014.1974	0	1000
dp8S6_int	6	4	0	1996.1868	0	1000
dp8S7_NRE	7	4	0	2094.1542	0	1000
dp8S7_int	7	4	0	2076.1436	0	1000
dp8S8_NRE	8	4	0	2174.111	0	1000
dp8S8_int	8	4	0	2156.1004	0	1000
dp8S9_NRE	9	4	0	2254.0678	0	1000
dp8S9_int	9	4	0	2236.0572	0	1000
dp9S0_NRE	0	4	0	1737.536	0	1000
dp9S10_NRE	10	4	0	2537.104	0	1000
dp9S11_NRE	11	4	0	2617.0608	0	1000
dp9S12_NRE	12	4	0	2697.0176	0	1000
dp9S1_NRE	1	4	0	1817.4928	0	1000
dp9S2_NRE	2	4	0	1897.4496	0	1000
dp9S3_NRE	3	4	0	1977.4064	0	1000
dp9S4_NRE	4	4	0	2057.3632	0	1000
dp9S5_NRE	5	4	0	2137.32	0	1000
dp9S6_NRE	6	4	0	2217.2768	0	1000
dp9S7_NRE	7	4	0	2297.2336	0	1000
dp9S8_NRE	8	4	0	2377.1904	0	1000
dp9S9_NRE	9	4	0	2457.1472	0	1000
