L7S0_S	0	2	0	1319.4135	0	1000
L7S1_S	1	2	0	1399.3703	0	1000
L7S2_S	2	2	0	1479.3271	0	1000
L7S3_S	3	2	0	1559.2839	0	1000
L7S4_S	4	2	0	1639.2407	0	1000
L8S0_S	0	3	0	1495.4456	0	1000
L8S1_S	1	3	0	1575.4024	0	1000
L8S2_S	2	3	0	1655.3592	0	1000
L8S3_S	3	3	0	1735.316	0	1000
L8S4_S	4	3	0	1815.2728	0	1000
L9S1_S	1	3	0	1778.4818	0	1000
L9S2_S	2	3	0	1858.4386	0	1000
L9S3_S	3	3	0	1938.3954	0	1000
L9S4_S	4	3	0	2018.3522	0	1000
L9S5_S	5	3	0	2098.309	0	1000
L10S1_S	1	4	0	1954.5139	0	1000
L10S2_S	2	4	0	2034.4707	0	1000
L10S3_S	3	4	0	2114.4275	0	1000
L10S4_S	4	4	0	2194.3843	0	1000
L10S5_S	5	4	0	2274.3411	0	1000
L11S2_S	2	4	0	2237.5501	0	1000
L11S3_S	3	4	0	2317.5069	0	1000
L11S4_S	4	4	0	2397.4637	0	1000
L11S5_S	5	4	0	2477.4205	0	1000
L11S6_S	6	4	0	2557.3773	0	1000
L12S2_S	2	5	0	2413.5822	0	1000
L12S3_S	3	5	0	2493.539	0	1000
L12S4_S	4	5	0	2573.4958	0	1000
L12S5_S	5	5	0	2653.4526	0	1000
L12S6_S	6	5	0	2733.4094	0	1000
L13S3_S	3	5	0	2696.6184	0	1000
L13S4_S	4	5	0	2776.5752	0	1000
L13S5_S	5	5	0	2856.532	0	1000
L13S6_S	6	5	0	2936.4888	0	1000
L13S7_S	7	5	0	3016.4456	0	1000
L14S3_S	3	6	0	2872.6505	0	1000
L14S4_S	4	6	0	2952.6073	0	1000
L14S5_S	5	6	0	3032.5641	0	1000
L14S6_S	6	6	0	3112.5209	0	1000
L14S7_S	7	6	0	3192.4777	0	1000
L15S4_S	4	6	0	3155.6867	0	1000
L15S5_S	5	6	0	3235.6435	0	1000
L15S6_S	6	6	0	3315.6003	0	1000
L15S7_S	7	6	0	3395.5571	0	1000
L15S8_S	8	6	0	3475.5139	0	1000
L16S3_S	3	7	0	3251.762	0	1000
L16S4_S	4	7	0	3331.7188	0	1000
L16S5_S	5	7	0	3411.6756	0	1000
L16S6_S	6	7	0	3491.6324	0	1000
L16S7_S	7	7	0	3571.5892	0	1000
L16S8_S	8	7	0	3651.546	0	1000
L17S5_S	5	7	0	3614.755	0	1000
L17S6_S	6	7	0	3694.7118	0	1000
L17S7_S	7	7	0	3774.6686	0	1000
L17S8_S	8	7	0	3854.6254	0	1000
L17S9_S	9	7	0	3934.5822	0	1000
L18S5_S	5	8	0	3790.7871	0	1000
L18S6_S	6	8	0	3870.7439	0	1000
L18S7_S	7	8	0	3950.7007	0	1000
L18S8_S	8	8	0	4030.6575	0	1000
L18S9_S	9	8	0	4110.6143	0	1000
L19S6_S	6	8	0	4073.8233	0	1000
L19S7_S	7	8	0	4153.7801	0	1000
L19S8_S	8	8	0	4233.7369	0	1000
L19S9_S	9	8	0	4313.6937	0	1000
L19S10_S	10	8	0	4393.6505	0	1000
L19S6SA1_S	6	8	1	4364.9187	0	1000
L19S7SA1_S	7	8	1	4444.8755	0	1000
L19S8SA1_S	8	8	1	4524.8323	0	1000
L19S9SA1_S	9	8	1	4604.7891	0	1000
L19S10SA1_S	10	8	1	4684.7459	0	1000
L20S6_S	6	9	0	4249.8554	0	1000
L20S7_S	7	9	0	4329.8122	0	1000
L20S8_S	8	9	0	4409.769	0	1000
L20S9_S	9	9	0	4489.7258	0	1000
L20S10_S	10	9	0	4569.6826	0	1000
L21S7_S	7	9	0	4532.8916	0	1000
L21S8_S	8	9	0	4612.8484	0	1000
L21S9_S	9	9	0	4692.8052	0	1000
L21S10_S	10	9	0	4772.762	0	1000
L21S11_S	11	9	0	4852.7188	0	1000
L22S7_S	7	10	0	4708.9237	0	1000
L22S8_S	8	10	0	4788.8805	0	1000
L22S9_S	9	10	0	4868.8373	0	1000
L22S10_S	10	10	0	4948.7941	0	1000
L22S11_S	11	10	0	5028.7509	0	1000
L23S8_S	8	10	0	4991.9599	0	1000
L23S9_S	9	10	0	5071.9167	0	1000
L23S10_S	10	10	0	5151.8735	0	1000
L23S11_S	11	10	0	5231.8303	0	1000
L23S12_S	12	10	0	5311.7871	0	1000
L24S8_S	8	11	0	5167.992	0	1000
L24S9_S	9	11	0	5247.9488	0	1000
L24S10_S	10	11	0	5327.9056	0	1000
L24S11_S	11	11	0	5407.8624	0	1000
L24S12_S	12	11	0	5487.8192	0	1000
L25S9_S	9	11	0	5451.0282	0	1000
L25S10_S	10	11	0	5530.985	0	1000
L25S11_S	11	11	0	5610.9418	0	1000
L25S12_S	12	11	0	5690.8986	0	1000
L25S13_S	13	11	0	5770.8554	0	1000
L26S9_S	9	12	0	5627.0603	0	1000
L26S10_S	10	12	0	5707.0171	0	1000
L26S11_S	11	12	0	5786.9739	0	1000
L26S12_S	12	12	0	5866.9307	0	1000
L26S13_S	13	12	0	5946.8875	0	1000
L27S10_S	10	12	0	5910.0965	0	1000
L27S11_S	11	12	0	5990.0533	0	1000
L27S12_S	12	12	0	6070.0101	0	1000
L27S13_S	13	12	0	6149.9669	0	1000
L27S14_S	14	12	0	6229.9237	0	1000
L28S10_S	10	13	0	6086.1286	0	1000
L28S11_S	11	13	0	6166.0854	0	1000
L28S12_S	12	13	0	6246.0422	0	1000
L28S13_S	13	13	0	6325.999	0	1000
L28S14_S	14	13	0	6405.9558	0	1000
L29S11_S	11	13	0	6369.1648	0	1000
L29S12_S	12	13	0	6449.1216	0	1000
L29S13_S	13	13	0	6529.0784	0	1000
L29S14_S	14	13	0	6609.0352	0	1000
L29S15_S	15	13	0	6688.992	0	1000
L30S11_S	11	14	0	6545.1969	0	1000
L30S12_S	12	14	0	6625.1537	0	1000
L30S13_S	13	14	0	6705.1105	0	1000
L30S14_S	14	14	0	6785.0673	0	1000
L30S15_S	15	14	0	6865.0241	0	1000
L31S12_S	12	14	0	6828.2331	0	1000
L31S13_S	13	14	0	6908.1899	0	1000
L31S14_S	14	14	0	6988.1467	0	1000
L31S15_S	15	14	0	7068.1035	0	1000
L31S16_S	16	14	0	7148.0603	0	1000
L7S0_SG	0	2	0	1376.435	0	1000
L7S1_SG	1	2	0	1456.3918	0	1000
L7S2_SG	2	2	0	1536.3486	0	1000
L7S3_SG	3	2	0	1616.3054	0	1000
L7S4_SG	4	2	0	1696.2622	0	1000
L8S0_SG	0	3	0	1552.4671	0	1000
L8S1_SG	1	3	0	1632.4239	0	1000
L8S2_SG	2	3	0	1712.3807	0	1000
L8S3_SG	3	3	0	1792.3375	0	1000
L8S4_SG	4	3	0	1872.2943	0	1000
L9S1_SG	1	3	0	1835.5033	0	1000
L9S2_SG	2	3	0	1915.4601	0	1000
L9S3_SG	3	3	0	1995.4169	0	1000
L9S4_SG	4	3	0	2075.3737	0	1000
L9S5_SG	5	3	0	2155.3305	0	1000
L10S1_SG	1	4	0	2011.5354	0	1000
L10S2_SG	2	4	0	2091.4922	0	1000
L10S3_SG	3	4	0	2171.449	0	1000
L10S4_SG	4	4	0	2251.4058	0	1000
L10S5_SG	5	4	0	2331.3626	0	1000
L11S2_SG	2	4	0	2294.5716	0	1000
L11S3_SG	3	4	0	2374.5284	0	1000
L11S4_SG	4	4	0	2454.4852	0	1000
L11S5_SG	5	4	0	2534.442	0	1000
L11S6_SG	6	4	0	2614.3988	0	1000
L12S2_SG	2	5	0	2470.6037	0	1000
L12S3_SG	3	5	0	2550.5605	0	1000
L12S4_SG	4	5	0	2630.5173	0	1000
L12S5_SG	5	5	0	2710.4741	0	1000
L12S6_SG	6	5	0	2790.4309	0	1000
L13S3_SG	3	5	0	2753.6399	0	1000
L13S4_SG	4	5	0	2833.5967	0	1000
L13S5_SG	5	5	0	2913.5535	0	1000
L13S6_SG	6	5	0	2993.5103	0	1000
L13S7_SG	7	5	0	3073.4671	0	1000
L14S3_SG	3	6	0	2929.672	0	1000
L14S4_SG	4	6	0	3009.6288	0	1000
L14S5_SG	5	6	0	3089.5856	0	1000
L14S6_SG	6	6	0	3169.5424	0	1000
L14S7_SG	7	6	0	3249.4992	0	1000
L15S4_SG	4	6	0	3212.7082	0	1000
L15S5_SG	5	6	0	3292.665	0	1000
L15S6_SG	6	6	0	3372.6218	0	1000
L15S7_SG	7	6	0	3452.5786	0	1000
L15S8_SG	8	6	0	3532.5354	0	1000
L16S3_SG	3	7	0	3308.7835	0	1000
L16S4_SG	4	7	0	3388.7403	0	1000
L16S5_SG	5	7	0	3468.6971	0	1000
L16S6_SG	6	7	0	3548.6539	0	1000
L16S7_SG	7	7	0	3628.6107	0	1000
L16S8_SG	8	7	0	3708.5675	0	1000
L17S5_SG	5	7	0	3671.7765	0	1000
L17S6_SG	6	7	0	3751.7333	0	1000
L17S7_SG	7	7	0	3831.6901	0	1000
L17S8_SG	8	7	0	3911.6469	0	1000
L17S9_SG	9	7	0	3991.6037	0	1000
L18S5_SG	5	8	0	3847.8086	0	1000
L18S6_SG	6	8	0	3927.7654	0	1000
L18S7_SG	7	8	0	4007.7222	0	1000
L18S8_SG	8	8	0	4087.679	0	1000
L18S9_SG	9	8	0	4167.6358	0	1000
L19S6_SG	6	8	0	4130.8448	0	1000
L19S7_SG	7	8	0	4210.8016	0	1000
L19S8_SG	8	8	0	4290.7584	0	1000
L19S9_SG	9	8	0	4370.7152	0	1000
L19S10_SG	10	8	0	4450.672	0	1000
L19S6SA1_SG	6	8	1	4421.9402	0	1000
L19S7SA1_SG	7	8	1	4501.897	0	1000
L19S8SA1_SG	8	8	1	4581.8538	0	1000
L19S9SA1_SG	9	8	1	4661.8106	0	1000
L19S10SA1_SG	10	8	1	4741.7674	0	1000
L20S6_SG	6	9	0	4306.8769	0	1000
L20S7_SG	7	9	0	4386.8337	0	1000
L20S8_SG	8	9	0	4466.7905	0	1000
L20S9_SG	9	9	0	4546.7473	0	1000
L20S10_SG	10	9	0	4626.7041	0	1000
L21S7_SG	7	9	0	4589.9131	0	1000
L21S8_SG	8	9	0	4669.8699	0	1000
L21S9_SG	9	9	0	4749.8267	0	1000
L21S10_SG	10	9	0	4829.7835	0	1000
L21S11_SG	11	9	0	4909.7403	0	1000
L22S7_SG	7	10	0	4765.9452	0	1000
L22S8_SG	8	10	0	4845.902	0	1000
L22S9_SG	9	10	0	4925.8588	0	1000
L22S10_SG	10	10	0	5005.8156	0	1000
L22S11_SG	11	10	0	5085.7724	0	1000
L23S8_SG	8	10	0	5048.9814	0	1000
L23S9_SG	9	10	0	5128.9382	0	1000
L23S10_SG	10	10	0	5208.895	0	1000
L23S11_SG	11	10	0	5288.8518	0	1000
L23S12_SG	12	10	0	5368.8086	0	1000
L24S8_SG	8	11	0	5225.0135	0	1000
L24S9_SG	9	11	0	5304.9703	0	1000
L24S10_SG	10	11	0	5384.9271	0	1000
L24S11_SG	11	11	0	5464.8839	0	1000
L24S12_SG	12	11	0	5544.8407	0	1000
L25S9_SG	9	11	0	5508.0497	0	1000
L25S10_SG	10	11	0	5588.0065	0	1000
L25S11_SG	11	11	0	5667.9633	0	1000
L25S12_SG	12	11	0	5747.9201	0	1000
L25S13_SG	13	11	0	5827.8769	0	1000
L26S9_SG	9	12	0	5684.0818	0	1000
L26S10_SG	10	12	0	5764.0386	0	1000
L26S11_SG	11	12	0	5843.9954	0	1000
L26S12_SG	12	12	0	5923.9522	0	1000
L26S13_SG	13	12	0	6003.909	0	1000
L27S10_SG	10	12	0	5967.118	0	1000
L27S11_SG	11	12	0	6047.0748	0	1000
L27S12_SG	12	12	0	6127.0316	0	1000
L27S13_SG	13	12	0	6206.9884	0	1000
L27S14_SG	14	12	0	6286.9452	0	1000
L28S10_SG	10	13	0	6143.1501	0	1000
L28S11_SG	11	13	0	6223.1069	0	1000
L28S12_SG	12	13	0	6303.0637	0	1000
L28S13_SG	13	13	0	6383.0205	0	1000
L28S14_SG	14	13	0	6462.9773	0	1000
L29S11_SG	11	13	0	6426.1863	0	1000
L29S12_SG	12	13	0	6506.1431	0	1000
L29S13_SG	13	13	0	6586.0999	0	1000
L29S14_SG	14	13	0	6666.0567	0	1000
L29S15_SG	15	13	0	6746.0135	0	1000
L30S11_SG	11	14	0	6602.2184	0	1000
L30S12_SG	12	14	0	6682.1752	0	1000
L30S13_SG	13	14	0	6762.132	0	1000
L30S14_SG	14	14	0	6842.0888	0	1000
L30S15_SG	15	14	0	6922.0456	0	1000
L31S12_SG	12	14	0	6885.2546	0	1000
L31S13_SG	13	14	0	6965.2114	0	1000
L31S14_SG	14	14	0	7045.1682	0	1000
L31S15_SG	15	14	0	7125.125	0	1000
L31S16_SG	16	14	0	7205.0818	0	1000
L7S0_SA	0	0	0	1390.4506	0	1000
L7S1_SA	1	1	0	1470.4074	0	1000
L7S2_SA	2	2	0	1550.3642	0	1000
L7S3_SA	3	3	0	1630.321	0	1000
L7S4_SA	4	4	0	1710.2778	0	1000
L8S0_SA	0	0	0	1566.4827	0	1000
L8S1_SA	1	1	0	1646.4395	0	1000
L8S2_SA	2	2	0	1726.3963	0	1000
L8S3_SA	3	3	0	1806.3531	0	1000
L8S4_SA	4	4	0	1886.3099	0	1000
L9S1_SA	1	1	0	1849.5189	0	1000
L9S2_SA	2	2	0	1929.4757	0	1000
L9S3_SA	3	3	0	2009.4325	0	1000
L9S4_SA	4	4	0	2089.3893	0	1000
L9S5_SA	5	5	0	2169.3461	0	1000
L10S1_SA	1	1	0	2025.551	0	1000
L10S2_SA	2	2	0	2105.5078	0	1000
L10S3_SA	3	3	0	2185.4646	0	1000
L10S4_SA	4	4	0	2265.4214	0	1000
L10S5_SA	5	5	0	2345.3782	0	1000
L11S2_SA	2	2	0	2308.5872	0	1000
L11S3_SA	3	3	0	2388.544	0	1000
L11S4_SA	4	4	0	2468.5008	0	1000
L11S5_SA	5	5	0	2548.4576	0	1000
L11S6_SA	6	6	0	2628.4144	0	1000
L12S2_SA	2	2	0	2484.6193	0	1000
L12S3_SA	3	3	0	2564.5761	0	1000
L12S4_SA	4	4	0	2644.5329	0	1000
L12S5_SA	5	5	0	2724.4897	0	1000
L12S6_SA	6	6	0	2804.4465	0	1000
L13S3_SA	3	3	0	2767.6555	0	1000
L13S4_SA	4	4	0	2847.6123	0	1000
L13S5_SA	5	5	0	2927.5691	0	1000
L13S6_SA	6	6	0	3007.5259	0	1000
L13S7_SA	7	7	0	3087.4827	0	1000
L14S3_SA	3	3	0	2943.6876	0	1000
L14S4_SA	4	4	0	3023.6444	0	1000
L14S5_SA	5	5	0	3103.6012	0	1000
L14S6_SA	6	6	0	3183.558	0	1000
L14S7_SA	7	7	0	3263.5148	0	1000
L15S4_SA	4	4	0	3226.7238	0	1000
L15S5_SA	5	5	0	3306.6806	0	1000
L15S6_SA	6	6	0	3386.6374	0	1000
L15S7_SA	7	7	0	3466.5942	0	1000
L15S8_SA	8	8	0	3546.551	0	1000
L16S3_SA	3	3	0	3322.7991	0	1000
L16S4_SA	4	4	0	3402.7559	0	1000
L16S5_SA	5	5	0	3482.7127	0	1000
L16S6_SA	6	6	0	3562.6695	0	1000
L16S7_SA	7	7	0	3642.6263	0	1000
L16S8_SA	8	8	0	3722.5831	0	1000
L17S5_SA	5	5	0	3685.7921	0	1000
L17S6_SA	6	6	0	3765.7489	0	1000
L17S7_SA	7	7	0	3845.7057	0	1000
L17S8_SA	8	8	0	3925.6625	0	1000
L17S9_SA	9	9	0	4005.6193	0	1000
L18S5_SA	5	5	0	3861.8242	0	1000
L18S6_SA	6	6	0	3941.781	0	1000
L18S7_SA	7	7	0	4021.7378	0	1000
L18S8_SA	8	8	0	4101.6946	0	1000
L18S9_SA	9	9	0	4181.6514	0	1000
L19S6_SA	6	6	0	4144.8604	0	1000
L19S7_SA	7	7	0	4224.8172	0	1000
L19S8_SA	8	8	0	4304.774	0	1000
L19S9_SA	9	9	0	4384.7308	0	1000
L19S10_SA	10	10	0	4464.6876	0	1000
L19S6SA1_SA	6	6	1	4435.9558	0	1000
L19S7SA1_SA	7	7	1	4515.9126	0	1000
L19S8SA1_SA	8	8	1	4595.8694	0	1000
L19S9SA1_SA	9	9	1	4675.8262	0	1000
L19S10SA1_SA	10	10	1	4755.783	0	1000
L20S6_SA	6	6	0	4320.8925	0	1000
L20S7_SA	7	7	0	4400.8493	0	1000
L20S8_SA	8	8	0	4480.8061	0	1000
L20S9_SA	9	9	0	4560.7629	0	1000
L20S10_SA	10	10	0	4640.7197	0	1000
L21S7_SA	7	7	0	4603.9287	0	1000
L21S8_SA	8	8	0	4683.8855	0	1000
L21S9_SA	9	9	0	4763.8423	0	1000
L21S10_SA	10	10	0	4843.7991	0	1000
L21S11_SA	11	11	0	4923.7559	0	1000
L22S7_SA	7	7	0	4779.9608	0	1000
L22S8_SA	8	8	0	4859.9176	0	1000
L22S9_SA	9	9	0	4939.8744	0	1000
L22S10_SA	10	10	0	5019.8312	0	1000
L22S11_SA	11	11	0	5099.788	0	1000
L23S8_SA	8	8	0	5062.997	0	1000
L23S9_SA	9	9	0	5142.9538	0	1000
L23S10_SA	10	10	0	5222.9106	0	1000
L23S11_SA	11	11	0	5302.8674	0	1000
L23S12_SA	12	12	0	5382.8242	0	1000
L24S8_SA	8	8	0	5239.0291	0	1000
L24S9_SA	9	9	0	5318.9859	0	1000
L24S10_SA	10	10	0	5398.9427	0	1000
L24S11_SA	11	11	0	5478.8995	0	1000
L24S12_SA	12	12	0	5558.8563	0	1000
L25S9_SA	9	9	0	5522.0653	0	1000
L25S10_SA	10	10	0	5602.0221	0	1000
L25S11_SA	11	11	0	5681.9789	0	1000
L25S12_SA	12	12	0	5761.9357	0	1000
L25S13_SA	13	13	0	5841.8925	0	1000
L26S9_SA	9	9	0	5698.0974	0	1000
L26S10_SA	10	10	0	5778.0542	0	1000
L26S11_SA	11	11	0	5858.011	0	1000
L26S12_SA	12	12	0	5937.9678	0	1000
L26S13_SA	13	13	0	6017.9246	0	1000
L27S10_SA	10	10	0	5981.1336	0	1000
L27S11_SA	11	11	0	6061.0904	0	1000
L27S12_SA	12	12	0	6141.0472	0	1000
L27S13_SA	13	13	0	6221.004	0	1000
L27S14_SA	14	14	0	6300.9608	0	1000
L28S10_SA	10	13	0	6157.1657	0	1000
L28S11_SA	11	13	0	6237.1225	0	1000
L28S12_SA	12	13	0	6317.0793	0	1000
L28S13_SA	13	13	0	6397.0361	0	1000
L28S14_SA	14	13	0	6476.9929	0	1000
L29S11_SA	11	13	0	6440.2019	0	1000
L29S12_SA	12	13	0	6520.1587	0	1000
L29S13_SA	13	13	0	6600.1155	0	1000
L29S14_SA	14	13	0	6680.0723	0	1000
L29S15_SA	15	13	0	6760.0291	0	1000
L30S11_SA	11	14	0	6616.234	0	1000
L30S12_SA	12	14	0	6696.1908	0	1000
L30S13_SA	13	14	0	6776.1476	0	1000
L30S14_SA	14	14	0	6856.1044	0	1000
L30S15_SA	15	14	0	6936.0612	0	1000
L31S12_SA	12	14	0	6899.2702	0	1000
L31S13_SA	13	14	0	6979.227	0	1000
L31S14_SA	14	14	0	7059.1838	0	1000
L31S15_SA	15	14	0	7139.1406	0	1000
L31S16_SA	16	14	0	7219.0974	0	1000
L7S0_SAN	0	0	0	1504.4935	0	1000
L7S1_SAN	1	1	0	1584.4503	0	1000
L7S2_SAN	2	2	0	1664.4071	0	1000
L7S3_SAN	3	3	0	1744.3639	0	1000
L7S4_SAN	4	4	0	1824.3207	0	1000
L8S0_SAN	0	0	0	1680.5256	0	1000
L8S1_SAN	1	1	0	1760.4824	0	1000
L8S2_SAN	2	2	0	1840.4392	0	1000
L8S3_SAN	3	3	0	1920.396	0	1000
L8S4_SAN	4	4	0	2000.3528	0	1000
L9S1_SAN	1	1	0	1963.5618	0	1000
L9S2_SAN	2	2	0	2043.5186	0	1000
L9S3_SAN	3	3	0	2123.4754	0	1000
L9S4_SAN	4	4	0	2203.4322	0	1000
L9S5_SAN	5	5	0	2283.389	0	1000
L10S1_SAN	1	1	0	2139.5939	0	1000
L10S2_SAN	2	2	0	2219.5507	0	1000
L10S3_SAN	3	3	0	2299.5075	0	1000
L10S4_SAN	4	4	0	2379.4643	0	1000
L10S5_SAN	5	5	0	2459.4211	0	1000
L11S2_SAN	2	2	0	2422.6301	0	1000
L11S3_SAN	3	3	0	2502.5869	0	1000
L11S4_SAN	4	4	0	2582.5437	0	1000
L11S5_SAN	5	5	0	2662.5005	0	1000
L11S6_SAN	6	6	0	2742.4573	0	1000
L12S2_SAN	2	2	0	2598.6622	0	1000
L12S3_SAN	3	3	0	2678.619	0	1000
L12S4_SAN	4	4	0	2758.5758	0	1000
L12S5_SAN	5	5	0	2838.5326	0	1000
L12S6_SAN	6	6	0	2918.4894	0	1000
L13S3_SAN	3	3	0	2881.6984	0	1000
L13S4_SAN	4	4	0	2961.6552	0	1000
L13S5_SAN	5	5	0	3041.612	0	1000
L13S6_SAN	6	6	0	3121.5688	0	1000
L13S7_SAN	7	7	0	3201.5256	0	1000
L14S3_SAN	3	3	0	3057.7305	0	1000
L14S4_SAN	4	4	0	3137.6873	0	1000
L14S5_SAN	5	5	0	3217.6441	0	1000
L14S6_SAN	6	6	0	3297.6009	0	1000
L14S7_SAN	7	7	0	3377.5577	0	1000
L15S4_SAN	4	4	0	3340.7667	0	1000
L15S5_SAN	5	5	0	3420.7235	0	1000
L15S6_SAN	6	6	0	3500.6803	0	1000
L15S7_SAN	7	7	0	3580.6371	0	1000
L15S8_SAN	8	8	0	3660.5939	0	1000
L16S3_SAN	3	3	0	3436.842	0	1000
L16S4_SAN	4	4	0	3516.7988	0	1000
L16S5_SAN	5	5	0	3596.7556	0	1000
L16S6_SAN	6	6	0	3676.7124	0	1000
L16S7_SAN	7	7	0	3756.6692	0	1000
L16S8_SAN	8	8	0	3836.626	0	1000
L17S5_SAN	5	5	0	3799.835	0	1000
L17S6_SAN	6	6	0	3879.7918	0	1000
L17S7_SAN	7	7	0	3959.7486	0	1000
L17S8_SAN	8	8	0	4039.7054	0	1000
L17S9_SAN	9	9	0	4119.6622	0	1000
L18S5_SAN	5	5	0	3975.8671	0	1000
L18S6_SAN	6	6	0	4055.8239	0	1000
L18S7_SAN	7	7	0	4135.7807	0	1000
L18S8_SAN	8	8	0	4215.7375	0	1000
L18S9_SAN	9	9	0	4295.6943	0	1000
L19S6_SAN	6	6	0	4258.9033	0	1000
L19S7_SAN	7	7	0	4338.8601	0	1000
L19S8_SAN	8	8	0	4418.8169	0	1000
L19S9_SAN	9	9	0	4498.7737	0	1000
L19S10_SAN	10	10	0	4578.7305	0	1000
L19S6SA1_SAN	6	6	1	4549.9987	0	1000
L19S7SA1_SAN	7	7	1	4629.9555	0	1000
L19S8SA1_SAN	8	8	1	4709.9123	0	1000
L19S9SA1_SAN	9	9	1	4789.8691	0	1000
L19S10SA1_SAN	10	10	1	4869.8259	0	1000
L20S6_SAN	6	6	0	4434.9354	0	1000
L20S7_SAN	7	7	0	4514.8922	0	1000
L20S8_SAN	8	8	0	4594.849	0	1000
L20S9_SAN	9	9	0	4674.8058	0	1000
L20S10_SAN	10	10	0	4754.7626	0	1000
L21S7_SAN	7	7	0	4717.9716	0	1000
L21S8_SAN	8	8	0	4797.9284	0	1000
L21S9_SAN	9	9	0	4877.8852	0	1000
L21S10_SAN	10	10	0	4957.842	0	1000
L21S11_SAN	11	11	0	5037.7988	0	1000
L22S7_SAN	7	7	0	4894.0037	0	1000
L22S8_SAN	8	8	0	4973.9605	0	1000
L22S9_SAN	9	9	0	5053.9173	0	1000
L22S10_SAN	10	10	0	5133.8741	0	1000
L22S11_SAN	11	11	0	5213.8309	0	1000
L23S8_SAN	8	8	0	5177.0399	0	1000
L23S9_SAN	9	9	0	5256.9967	0	1000
L23S10_SAN	10	10	0	5336.9535	0	1000
L23S11_SAN	11	11	0	5416.9103	0	1000
L23S12_SAN	12	12	0	5496.8671	0	1000
L24S8_SAN	8	8	0	5353.072	0	1000
L24S9_SAN	9	9	0	5433.0288	0	1000
L24S10_SAN	10	10	0	5512.9856	0	1000
L24S11_SAN	11	11	0	5592.9424	0	1000
L24S12_SAN	12	12	0	5672.8992	0	1000
L25S9_SAN	9	9	0	5636.1082	0	1000
L25S10_SAN	10	10	0	5716.065	0	1000
L25S11_SAN	11	11	0	5796.0218	0	1000
L25S12_SAN	12	12	0	5875.9786	0	1000
L25S13_SAN	13	13	0	5955.9354	0	1000
L26S9_SAN	9	9	0	5812.1403	0	1000
L26S10_SAN	10	10	0	5892.0971	0	1000
L26S11_SAN	11	11	0	5972.0539	0	1000
L26S12_SAN	12	12	0	6052.0107	0	1000
L26S13_SAN	13	13	0	6131.9675	0	1000
L27S10_SAN	10	10	0	6095.1765	0	1000
L27S11_SAN	11	11	0	6175.1333	0	1000
L27S12_SAN	12	12	0	6255.0901	0	1000
L27S13_SAN	13	13	0	6335.0469	0	1000
L27S14_SAN	14	14	0	6415.0037	0	1000
L28S10_SAN	10	13	0	6271.2086	0	1000
L28S11_SAN	11	13	0	6351.1654	0	1000
L28S12_SAN	12	13	0	6431.1222	0	1000
L28S13_SAN	13	13	0	6511.079	0	1000
L28S14_SAN	14	13	0	6591.0358	0	1000
L29S11_SAN	11	13	0	6554.2448	0	1000
L29S12_SAN	12	13	0	6634.2016	0	1000
L29S13_SAN	13	13	0	6714.1584	0	1000
L29S14_SAN	14	13	0	6794.1152	0	1000
L29S15_SAN	15	13	0	6874.072	0	1000
L30S11_SAN	11	14	0	6730.2769	0	1000
L30S12_SAN	12	14	0	6810.2337	0	1000
L30S13_SAN	13	14	0	6890.1905	0	1000
L30S14_SAN	14	14	0	6970.1473	0	1000
L30S15_SAN	15	14	0	7050.1041	0	1000
L31S12_SAN	12	14	0	7013.3131	0	1000
L31S13_SAN	13	14	0	7093.2699	0	1000
L31S14_SAN	14	14	0	7173.2267	0	1000
L31S15_SAN	15	14	0	7253.1835	0	1000
L31S16_SAN	16	14	0	7333.1403	0	1000
L7S0_EGS	0	0	0	1505.4776	0	1000
L7S1_EGS	1	1	0	1585.4344	0	1000
L7S2_EGS	2	2	0	1665.3912	0	1000
L7S3_EGS	3	3	0	1745.348	0	1000
L7S4_EGS	4	4	0	1825.3048	0	1000
L8S0_EGS	0	0	0	1681.5097	0	1000
L8S1_EGS	1	1	0	1761.4665	0	1000
L8S2_EGS	2	2	0	1841.4233	0	1000
L8S3_EGS	3	3	0	1921.3801	0	1000
L8S4_EGS	4	4	0	2001.3369	0	1000
L9S1_EGS	1	1	0	1964.5459	0	1000
L9S2_EGS	2	2	0	2044.5027	0	1000
L9S3_EGS	3	3	0	2124.4595	0	1000
L9S4_EGS	4	4	0	2204.4163	0	1000
L9S5_EGS	5	5	0	2284.3731	0	1000
L10S1_EGS	1	1	0	2140.578	0	1000
L10S2_EGS	2	2	0	2220.5348	0	1000
L10S3_EGS	3	3	0	2300.4916	0	1000
L10S4_EGS	4	4	0	2380.4484	0	1000
L10S5_EGS	5	5	0	2460.4052	0	1000
L11S2_EGS	2	2	0	2423.6142	0	1000
L11S3_EGS	3	3	0	2503.571	0	1000
L11S4_EGS	4	4	0	2583.5278	0	1000
L11S5_EGS	5	5	0	2663.4846	0	1000
L11S6_EGS	6	6	0	2743.4414	0	1000
L12S2_EGS	2	2	0	2599.6463	0	1000
L12S3_EGS	3	3	0	2679.6031	0	1000
L12S4_EGS	4	4	0	2759.5599	0	1000
L12S5_EGS	5	5	0	2839.5167	0	1000
L12S6_EGS	6	6	0	2919.4735	0	1000
L13S3_EGS	3	3	0	2882.6825	0	1000
L13S4_EGS	4	4	0	2962.6393	0	1000
L13S5_EGS	5	5	0	3042.5961	0	1000
L13S6_EGS	6	6	0	3122.5529	0	1000
L13S7_EGS	7	7	0	3202.5097	0	1000
L14S3_EGS	3	3	0	3058.7146	0	1000
L14S4_EGS	4	4	0	3138.6714	0	1000
L14S5_EGS	5	5	0	3218.6282	0	1000
L14S6_EGS	6	6	0	3298.585	0	1000
L14S7_EGS	7	7	0	3378.5418	0	1000
L15S4_EGS	4	4	0	3341.7508	0	1000
L15S5_EGS	5	5	0	3421.7076	0	1000
L15S6_EGS	6	6	0	3501.6644	0	1000
L15S7_EGS	7	7	0	3581.6212	0	1000
L15S8_EGS	8	8	0	3661.578	0	1000
L16S3_EGS	3	3	0	3437.8261	0	1000
L16S4_EGS	4	4	0	3517.7829	0	1000
L16S5_EGS	5	5	0	3597.7397	0	1000
L16S6_EGS	6	6	0	3677.6965	0	1000
L16S7_EGS	7	7	0	3757.6533	0	1000
L16S8_EGS	8	8	0	3837.6101	0	1000
L17S5_EGS	5	5	0	3800.8191	0	1000
L17S6_EGS	6	6	0	3880.7759	0	1000
L17S7_EGS	7	7	0	3960.7327	0	1000
L17S8_EGS	8	8	0	4040.6895	0	1000
L17S9_EGS	9	9	0	4120.6463	0	1000
L18S5_EGS	5	5	0	3976.8512	0	1000
L18S6_EGS	6	6	0	4056.808	0	1000
L18S7_EGS	7	7	0	4136.7648	0	1000
L18S8_EGS	8	8	0	4216.7216	0	1000
L18S9_EGS	9	9	0	4296.6784	0	1000
L19S6_EGS	6	6	0	4259.8874	0	1000
L19S7_EGS	7	7	0	4339.8442	0	1000
L19S8_EGS	8	8	0	4419.801	0	1000
L19S9_EGS	9	9	0	4499.7578	0	1000
L19S10_EGS	10	10	0	4579.7146	0	1000
L19S6SA1_EGS	6	6	1	4550.9828	0	1000
L19S7SA1_EGS	7	7	1	4630.9396	0	1000
L19S8SA1_EGS	8	8	1	4710.8964	0	1000
L19S9SA1_EGS	9	9	1	4790.8532	0	1000
L19S10SA1_EGS	10	10	1	4870.81	0	1000
L20S6_EGS	6	6	0	4435.9195	0	1000
L20S7_EGS	7	7	0	4515.8763	0	1000
L20S8_EGS	8	8	0	4595.8331	0	1000
L20S9_EGS	9	9	0	4675.7899	0	1000
L20S10_EGS	10	10	0	4755.7467	0	1000
L21S7_EGS	7	7	0	4718.9557	0	1000
L21S8_EGS	8	8	0	4798.9125	0	1000
L21S9_EGS	9	9	0	4878.8693	0	1000
L21S10_EGS	10	10	0	4958.8261	0	1000
L21S11_EGS	11	11	0	5038.7829	0	1000
L22S7_EGS	7	7	0	4894.9878	0	1000
L22S8_EGS	8	8	0	4974.9446	0	1000
L22S9_EGS	9	9	0	5054.9014	0	1000
L22S10_EGS	10	10	0	5134.8582	0	1000
L22S11_EGS	11	11	0	5214.815	0	1000
L23S8_EGS	8	8	0	5178.024	0	1000
L23S9_EGS	9	9	0	5257.9808	0	1000
L23S10_EGS	10	10	0	5337.9376	0	1000
L23S11_EGS	11	11	0	5417.8944	0	1000
L23S12_EGS	12	12	0	5497.8512	0	1000
L24S8_EGS	8	8	0	5354.0561	0	1000
L24S9_EGS	9	9	0	5434.0129	0	1000
L24S10_EGS	10	10	0	5513.9697	0	1000
L24S11_EGS	11	11	0	5593.9265	0	1000
L24S12_EGS	12	12	0	5673.8833	0	1000
L25S9_EGS	9	9	0	5637.0923	0	1000
L25S10_EGS	10	10	0	5717.0491	0	1000
L25S11_EGS	11	11	0	5797.0059	0	1000
L25S12_EGS	12	12	0	5876.9627	0	1000
L25S13_EGS	13	13	0	5956.9195	0	1000
L26S9_EGS	9	9	0	5813.1244	0	1000
L26S10_EGS	10	10	0	5893.0812	0	1000
L26S11_EGS	11	11	0	5973.038	0	1000
L26S12_EGS	12	12	0	6052.9948	0	1000
L26S13_EGS	13	13	0	6132.9516	0	1000
L27S10_EGS	10	10	0	6096.1606	0	1000
L27S11_EGS	11	11	0	6176.1174	0	1000
L27S12_EGS	12	12	0	6256.0742	0	1000
L27S13_EGS	13	13	0	6336.031	0	1000
L27S14_EGS	14	14	0	6415.9878	0	1000
L28S10_EGS	10	13	0	6272.1927	0	1000
L28S11_EGS	11	13	0	6352.1495	0	1000
L28S12_EGS	12	13	0	6432.1063	0	1000
L28S13_EGS	13	13	0	6512.0631	0	1000
L28S14_EGS	14	13	0	6592.0199	0	1000
L29S11_EGS	11	13	0	6555.2289	0	1000
L29S12_EGS	12	13	0	6635.1857	0	1000
L29S13_EGS	13	13	0	6715.1425	0	1000
L29S14_EGS	14	13	0	6795.0993	0	1000
L29S15_EGS	15	13	0	6875.0561	0	1000
L30S11_EGS	11	14	0	6731.261	0	1000
L30S12_EGS	12	14	0	6811.2178	0	1000
L30S13_EGS	13	14	0	6891.1746	0	1000
L30S14_EGS	14	14	0	6971.1314	0	1000
L30S15_EGS	15	14	0	7051.0882	0	1000
L31S12_EGS	12	14	0	7014.2972	0	1000
L31S13_EGS	13	14	0	7094.254	0	1000
L31S14_EGS	14	14	0	7174.2108	0	1000
L31S15_EGS	15	14	0	7254.1676	0	1000
L31S16_EGS	16	14	0	7334.1244	0	1000
